100
5 4
2 1
4 20
13 424
49 140737488355328
13 140
50 1
7 24
48 53346644091634
4 4
35 6308339142
7 29
20 113268
16 2413
28 56498426
50 281474976710656
32 291636788
7 31
7 22
7 19
7 26
7 11
7 23
50 140737488355328
4 1
50 281474976710655
27 8873814
7 7
7 6
16 11723
7 10
17 13562
46 4840443045364
14 1051
25 8388609
36 16161389431
4 2
2 2
7 4
7 17
7 3
15 5662
4 3
12 367
49 140737488355329
7 12
33 1786089921
50 1000000000000000000
25 671747
39 6142228440
25 252525
33 277839479
7 21
50 999999999999999999
7 5
20 47926
7 33
11 331
20 5862
7 27
34 1751911774
38 56204168069
50 105553116266496
7 30
8 34
30 91684373
27 28370340
42 341840408434
14 1021
7 1
19 52985
3 2
7 28
7 16
7 13
25 1000000000000000000
7 18
7 15
46 12939767138106
13 346
50 281474976710657
4 5
7 25
43 1039969495085
33 1688048935
7 14
25 3224004
3 1
2 1000000000000000000
7 8
33 1086309929
7 9
7 2
49 281474976710656
48 44349174795767
8 11
3 3
7 32
7 20
8 15
