Case #1: 1
1 1 1
Case #2: 4
1 1 1
1 1 2
1 2 1
1 2 2
Case #3: 2
1 1 1
1 1 2
Case #4: 2
1 1 1
1 2 2
Case #5: 1
1 1 1
Case #6: 3
1 1 1
1 1 2
1 1 3
Case #7: 18
1 1 1
1 1 2
1 1 3
1 2 1
1 2 2
1 2 3
1 3 1
1 3 2
1 3 3
2 1 1
2 1 2
2 1 3
2 2 1
2 2 2
2 2 3
2 3 1
2 3 2
2 3 3
Case #8: 8
1 1 1
1 1 2
1 2 1
1 2 2
2 1 1
2 1 2
2 2 1
2 2 2
Case #9: 8
1 1 1
1 1 2
1 2 1
1 2 2
2 1 1
2 1 2
2 2 1
2 2 2
Case #10: 8
1 1 1
1 1 2
1 2 1
1 2 2
2 1 1
2 1 2
2 2 1
2 2 2
Case #11: 3
1 1 1
1 1 2
1 1 3
Case #12: 12
1 1 1
1 1 2
1 1 3
1 2 1
1 2 2
1 2 3
2 1 1
2 1 2
2 1 3
2 2 1
2 2 2
2 2 3
Case #13: 2
1 1 1
1 1 2
Case #14: 1
1 1 1
Case #15: 1
1 1 1
Case #16: 2
1 1 1
1 1 2
Case #17: 1
1 1 1
Case #18: 2
1 1 1
1 1 2
Case #19: 8
1 1 1
1 1 2
1 2 1
1 2 2
2 1 1
2 1 2
2 2 1
2 2 2
Case #20: 3
1 1 1
1 2 2
1 3 3
Case #21: 12
1 1 1
1 1 2
1 1 3
1 2 1
1 2 2
1 2 3
2 1 1
2 1 2
2 1 3
2 2 1
2 2 2
2 2 3
Case #22: 2
1 1 1
1 1 2
Case #23: 9
1 1 1
1 1 2
1 1 3
1 2 1
1 2 2
1 2 3
1 3 1
1 3 2
1 3 3
Case #24: 4
1 1 1
1 1 2
1 2 1
1 2 2
Case #25: 8
1 1 1
1 1 2
1 2 1
1 2 2
2 1 1
2 1 2
2 2 1
2 2 2
Case #26: 6
1 1 1
1 1 2
1 1 3
1 2 1
1 2 2
1 2 3
Case #27: 3
1 1 1
1 1 2
1 1 3
Case #28: 27
1 1 1
1 1 2
1 1 3
1 2 1
1 2 2
1 2 3
1 3 1
1 3 2
1 3 3
2 1 1
2 1 2
2 1 3
2 2 1
2 2 2
2 2 3
2 3 1
2 3 2
2 3 3
3 1 1
3 1 2
3 1 3
3 2 1
3 2 2
3 2 3
3 3 1
3 3 2
3 3 3
Case #29: 1
1 1 1
Case #30: 4
1 1 1
1 1 2
1 2 1
1 2 2
Case #31: 12
1 1 1
1 1 2
1 1 3
1 2 1
1 2 2
1 2 3
2 1 1
2 1 2
2 1 3
2 2 1
2 2 2
2 2 3
Case #32: 9
1 1 1
1 1 2
1 1 3
1 2 1
1 2 2
1 2 3
1 3 1
1 3 2
1 3 3
Case #33: 3
1 1 1
1 1 2
1 1 3
Case #34: 12
1 1 2
1 1 3
1 2 1
1 2 3
1 3 1
1 3 2
2 1 2
2 1 3
2 2 1
2 2 3
2 3 1
2 3 2
Case #35: 6
1 1 1
1 1 2
1 1 3
1 2 1
1 2 2
1 2 3
Case #36: 9
1 1 1
1 1 2
1 1 3
1 2 1
1 2 2
1 2 3
1 3 1
1 3 2
1 3 3
Case #37: 18
1 1 1
1 1 2
1 1 3
1 2 1
1 2 2
1 2 3
1 3 1
1 3 2
1 3 3
2 1 1
2 1 2
2 1 3
2 2 1
2 2 2
2 2 3
2 3 1
2 3 2
2 3 3
Case #38: 18
1 1 1
1 1 2
1 2 2
1 2 3
1 3 1
1 3 3
2 1 2
2 1 3
2 2 1
2 2 3
2 3 1
2 3 2
3 1 1
3 1 3
3 2 1
3 2 2
3 3 2
3 3 3
Case #39: 4
1 1 1
1 1 2
1 2 1
1 2 2
Case #40: 3
1 1 1
1 1 2
1 1 3
Case #41: 1
1 1 1
Case #42: 9
1 1 1
1 1 2
1 1 3
1 2 1
1 2 2
1 2 3
1 3 1
1 3 2
1 3 3
Case #43: 6
1 1 1
1 2 2
1 3 3
2 1 3
2 2 1
2 3 2
Case #44: 2
1 1 1
1 1 2
Case #45: 12
1 1 1
1 1 2
1 1 3
1 2 1
1 2 2
1 2 3
2 1 1
2 1 2
2 1 3
2 2 1
2 2 2
2 2 3
Case #46: 9
1 1 1
1 1 2
1 1 3
1 2 1
1 2 2
1 2 3
1 3 1
1 3 2
1 3 3
Case #47: 12
1 1 1
1 1 2
1 1 3
1 2 1
1 2 2
1 2 3
2 1 1
2 1 2
2 1 3
2 2 1
2 2 2
2 2 3
Case #48: 4
1 1 1
1 1 2
1 2 1
1 2 2
Case #49: 8
1 1 1
1 1 2
1 2 1
1 2 2
2 1 1
2 1 2
2 2 1
2 2 2
Case #50: 8
1 1 1
1 1 2
1 2 1
1 2 2
2 1 1
2 1 2
2 2 1
2 2 2
Case #51: 27
1 1 1
1 1 2
1 1 3
1 2 1
1 2 2
1 2 3
1 3 1
1 3 2
1 3 3
2 1 1
2 1 2
2 1 3
2 2 1
2 2 2
2 2 3
2 3 1
2 3 2
2 3 3
3 1 1
3 1 2
3 1 3
3 2 1
3 2 2
3 2 3
3 3 1
3 3 2
3 3 3
Case #52: 18
1 1 1
1 1 2
1 1 3
1 2 1
1 2 2
1 2 3
1 3 1
1 3 2
1 3 3
2 1 1
2 1 2
2 1 3
2 2 1
2 2 2
2 2 3
2 3 1
2 3 2
2 3 3
Case #53: 12
1 1 1
1 1 2
1 1 3
1 2 1
1 2 2
1 2 3
2 1 1
2 1 2
2 1 3
2 2 1
2 2 2
2 2 3
Case #54: 1
1 1 1
Case #55: 18
1 1 1
1 1 2
1 1 3
1 2 1
1 2 2
1 2 3
1 3 1
1 3 2
1 3 3
2 1 1
2 1 2
2 1 3
2 2 1
2 2 2
2 2 3
2 3 1
2 3 2
2 3 3
Case #56: 3
1 1 1
1 1 2
1 1 3
Case #57: 3
1 1 1
1 1 2
1 1 3
Case #58: 6
1 1 1
1 1 2
1 1 3
1 2 1
1 2 2
1 2 3
Case #59: 1
1 1 1
Case #60: 1
1 1 1
Case #61: 27
1 1 1
1 1 2
1 1 3
1 2 1
1 2 2
1 2 3
1 3 1
1 3 2
1 3 3
2 1 1
2 1 2
2 1 3
2 2 1
2 2 2
2 2 3
2 3 1
2 3 2
2 3 3
3 1 1
3 1 2
3 1 3
3 2 1
3 2 2
3 2 3
3 3 1
3 3 2
3 3 3
Case #62: 6
1 1 1
1 1 2
1 1 3
1 2 1
1 2 2
1 2 3
Case #63: 3
1 1 1
1 1 2
1 1 3
Case #64: 27
1 1 1
1 1 2
1 1 3
1 2 1
1 2 2
1 2 3
1 3 1
1 3 2
1 3 3
2 1 1
2 1 2
2 1 3
2 2 1
2 2 2
2 2 3
2 3 1
2 3 2
2 3 3
3 1 1
3 1 2
3 1 3
3 2 1
3 2 2
3 2 3
3 3 1
3 3 2
3 3 3
Case #65: 1
1 1 1
Case #66: 9
1 1 1
1 1 2
1 1 3
1 2 1
1 2 2
1 2 3
1 3 1
1 3 2
1 3 3
Case #67: 6
1 1 1
1 1 2
1 1 3
1 2 1
1 2 2
1 2 3
Case #68: 18
1 1 1
1 1 2
1 1 3
1 2 1
1 2 2
1 2 3
1 3 1
1 3 2
1 3 3
2 1 1
2 1 2
2 1 3
2 2 1
2 2 2
2 2 3
2 3 1
2 3 2
2 3 3
Case #69: 27
1 1 1
1 1 2
1 1 3
1 2 1
1 2 2
1 2 3
1 3 1
1 3 2
1 3 3
2 1 1
2 1 2
2 1 3
2 2 1
2 2 2
2 2 3
2 3 1
2 3 2
2 3 3
3 1 1
3 1 2
3 1 3
3 2 1
3 2 2
3 2 3
3 3 1
3 3 2
3 3 3
Case #70: 4
1 1 1
1 1 2
1 2 1
1 2 2
Case #71: 9
1 1 1
1 1 2
1 1 3
1 2 1
1 2 2
1 2 3
1 3 1
1 3 2
1 3 3
Case #72: 2
1 1 1
1 2 2
Case #73: 2
1 1 1
1 1 2
Case #74: 27
1 1 1
1 1 2
1 1 3
1 2 1
1 2 2
1 2 3
1 3 1
1 3 2
1 3 3
2 1 1
2 1 2
2 1 3
2 2 1
2 2 2
2 2 3
2 3 1
2 3 2
2 3 3
3 1 1
3 1 2
3 1 3
3 2 1
3 2 2
3 2 3
3 3 1
3 3 2
3 3 3
Case #75: 1
1 1 1
Case #76: 18
1 1 1
1 1 2
1 1 3
1 2 1
1 2 2
1 2 3
1 3 1
1 3 2
1 3 3
2 1 1
2 1 2
2 1 3
2 2 1
2 2 2
2 2 3
2 3 1
2 3 2
2 3 3
Case #77: 8
1 1 1
1 1 2
1 2 1
1 2 2
2 1 1
2 1 2
2 2 1
2 2 2
Case #78: 12
1 1 1
1 1 2
1 1 3
1 2 1
1 2 2
1 2 3
2 1 1
2 1 2
2 1 3
2 2 1
2 2 2
2 2 3
Case #79: 18
1 1 1
1 1 2
1 1 3
1 2 1
1 2 2
1 2 3
1 3 1
1 3 2
1 3 3
2 1 1
2 1 2
2 1 3
2 2 1
2 2 2
2 2 3
2 3 1
2 3 2
2 3 3
Case #80: 4
1 1 1
1 1 2
1 2 1
1 2 2
Case #81: 2
1 1 1
1 1 2
Case #82: 6
1 1 1
1 1 2
1 1 3
1 2 1
1 2 2
1 2 3
Case #83: 8
1 1 1
1 1 2
1 2 1
1 2 2
2 1 1
2 1 2
2 2 1
2 2 2
Case #84: 4
1 1 1
1 2 2
2 1 2
2 2 3
Case #85: 4
1 1 1
1 2 2
2 1 2
2 2 1
Case #86: 6
1 1 1
1 1 2
1 2 1
1 2 3
1 3 2
1 3 3
Case #87: 9
1 1 1
1 1 2
1 1 3
1 2 1
1 2 2
1 2 3
1 3 1
1 3 2
1 3 3
Case #88: 4
1 1 1
1 1 2
1 2 1
1 2 2
Case #89: 12
1 1 1
1 1 2
1 1 3
1 2 1
1 2 2
1 2 3
2 1 1
2 1 2
2 1 3
2 2 1
2 2 2
2 2 3
Case #90: 2
1 1 1
1 1 2
Case #91: 4
1 1 1
1 1 2
1 2 1
1 2 2
Case #92: 2
1 1 1
1 1 2
Case #93: 27
1 1 1
1 1 2
1 1 3
1 2 1
1 2 2
1 2 3
1 3 1
1 3 2
1 3 3
2 1 1
2 1 2
2 1 3
2 2 1
2 2 2
2 2 3
2 3 1
2 3 2
2 3 3
3 1 1
3 1 2
3 1 3
3 2 1
3 2 2
3 2 3
3 3 1
3 3 2
3 3 3
Case #94: 6
1 1 1
1 1 2
1 1 3
1 2 1
1 2 2
1 2 3
Case #95: 4
1 1 1
1 1 2
1 2 1
1 2 2
Case #96: 9
1 1 1
1 2 2
1 3 3
2 1 2
2 2 3
2 3 1
3 1 3
3 2 1
3 3 2
Case #97: 6
1 1 1
1 1 2
1 1 3
1 2 1
1 2 2
1 2 3
Case #98: 8
1 1 1
1 1 2
1 2 1
1 2 2
2 1 1
2 1 2
2 2 1
2 2 2
Case #99: 18
1 1 1
1 1 2
1 1 3
1 2 1
1 2 2
1 2 3
1 3 1
1 3 2
1 3 3
2 1 1
2 1 2
2 1 3
2 2 1
2 2 2
2 2 3
2 3 1
2 3 2
2 3 3
Case #100: 27
1 1 1
1 1 2
1 1 3
1 2 1
1 2 2
1 2 3
1 3 1
1 3 2
1 3 3
2 1 1
2 1 2
2 1 3
2 2 1
2 2 2
2 2 3
2 3 1
2 3 2
2 3 3
3 1 1
3 1 2
3 1 3
3 2 1
3 2 2
3 2 3
3 3 1
3 3 2
3 3 3
