100
10 5 0.1
1183 90 0.6685314322543541
2036 67 0.9149967447971179
74 7 0.6831066811432367
3000 854 0.9720202238293681
1209 97 0.8351460405684772
3000 43 0.8371587587474507
1699 6 0.8047726667160371
2637 148 0.7415451482506217
1997 30 0.949493527036324
1849 132 0.9615462052554384
3000 94 0.8689874881448595
10 12 0.5
3000 39 0.6214264176481694
3000 160 0.6579502846146681
2934 61 0.7627572436822201
3000 2462 0.9151227339986332
2037 69 0.7902629853058996
1 1 0.4
1 2 0.4
3000 125 0.919826528587413
425 27 0.5375817403892973
2287 189 0.6841751223241345
2767 119 0.7260987390396925
2948 22 0.9142765222979363
2112 33 0.8989231569590288
1682 136 0.7030610245850939
2810 12 0.936126143514934
876 42 0.8871067689273595
1567 3 0.5405310848179361
1277 84 0.5281795396618607
938 38 0.7897978443171558
1423 34 0.9681020259426603
10 5 0.9
2826 68 0.583155897079815
1193 110 0.9086520923587524
3000 132 0.9234418745440136
814 42 0.9383878624181936
2772 157 0.7993674366833572
1191 14 0.6744422443872335
1483 11 0.7629894166599458
170 8 0.6319017675821561
2313 44 0.7834328068149952
1470 80 0.9988095974436877
747 28 0.9538328956962521
1788 21 0.7971498830069721
3000 121 0.9980522144494091
645 59 0.86224499012941
1497 97 0.5899302278475078
3000 835 0.9304641233983514
348 23 0.8260410685211376
587 25 0.5564733948173315
1344 58 0.621354076374073
3000 1235 0.9966125411381052
2335 115 0.8068770146675946
2 1 0.5
3000 62 0.54049556192781
2 1 0.4
2645 164 0.5882337345000412
3000 135 0.5511401553868309
2728 33 0.6383918982883392
1749 45 0.9143400610994803
2086 189 0.8774644860016525
3000 195 0.8184633788266845
149 11 0.9359130629597303
3000 27 0.8186760818824159
1015 96 0.517286641427128
2945 14 0.821878518509422
1824 102 0.8159455835461951
330 15 0.7794361742253006
2369 33 0.7187958257309071
733 65 0.9508436052200189
2615 202 0.9213182930046585
2328 216 0.5551889054397185
3000 148 0.9286954412715177
3000 6 0.6128288993437406
2293 118 0.624152643324636
1383 134 0.7627011669660037
233 9 0.9310008919659619
1165 74 0.9596087209289523
551 21 0.601245887615454
1281 107 0.8554390281918967
3000 50 0.987
2771 128 0.8758407220649894
1660 69 0.7276434923661332
274 6 0.5614702427223739
710 32 0.9569925210959231
1485 93 0.5120827205418934
3000 1757 0.9670775954951097
1098 63 0.8408027088824853
3000 48 0.815240333295067
1786 66 0.9885585908289589
3000 68 0.883581865722848
1850 73 0.6883899772370723
1137 13 0.6045979283913703
310 15 0.7818004327967647
920 73 0.9641547061467182
3000 50 0.123
1824 108 0.8439018948734911
2905 190 0.6586390758629603
