50
3
1 2 3
2 3 5
3 5 6
2 3 4
1 2 3
5
4 5 6 9 11
5 12 14 18 20
13 18 19 21 25
8 12 13 16 19
9 16 20 21 27
15 20 23 27 28
11 19 21 25 28
4 8 11 13 15
6 13 17 19 23
3
3 4 5
1 2 3
3 4 5
2 3 4
2 3 4
10
3 11 18 19 20 21 22 23 24 50
1 2 3 4 5 6 7 8 9 46
6 14 21 27 32 36 37 38 39 56
7 15 22 28 33 37 40 41 42 59
5 13 20 26 31 32 33 34 35 55
8 16 23 29 34 38 41 43 44 60
8 16 23 29 34 38 41 43 44 61
2 10 11 12 13 14 15 16 17 48
6 14 21 27 32 36 37 38 39 57
7 15 22 28 33 37 40 41 42 58
3 11 18 19 20 21 22 23 24 51
47 48 51 52 54 57 59 60 62 64
4 12 19 25 26 27 28 29 30 52
2 10 11 12 13 14 15 16 17 49
4 12 19 25 26 27 28 29 30 53
1 2 3 4 5 6 7 8 9 47
9 17 24 30 35 39 42 44 45 62
5 13 20 26 31 32 33 34 35 54
9 17 24 30 35 39 42 44 45 63
2
2 4
6 8
4 8
9
20 24 30 34 35 39 42 47 49
3 7 9 12 16 18 20 23 24
3 6 10 13 16 17 20 21 23
10 14 18 22 24 26 30 33 35
16 19 21 25 28 34 35 39 44
6 9 10 15 18 22 24 26 28
23 32 33 37 38 45 49 54 57
17 23 27 29 31 37 39 43 48
12 15 22 24 25 29 30 34 37
16 18 24 26 28 31 33 36 38
18 22 26 30 34 37 41 43 45
13 17 19 24 26 30 34 38 40
9 10 18 19 21 27 28 32 33
20 27 28 30 33 41 42 44 51
24 28 35 40 44 48 51 54 57
23 26 33 38 39 43 44 50 54
21 28 32 34 36 43 47 50 54
10
18 21 26 30 32 33 35 38 43 45
14 16 18 20 22 23 26 29 30 33
12 15 19 20 25 26 30 33 35 38
17 18 25 28 29 30 33 37 41 43
8 9 11 12 15 18 19 22 25 26
20 22 24 26 28 30 33 35 37 38
4 9 11 13 15 18 20 24 28 30
12 13 15 18 21 22 25 28 29 32
15 17 22 23 28 29 32 35 38 41
9 13 15 18 21 22 24 28 32 33
17 18 20 21 24 27 30 32 33 35
11 14 18 19 22 23 27 30 33 35
10 11 13 15 18 19 20 23 28 30
2 3 4 7 9 11 12 15 17 18
5 8 9 10 13 14 15 17 18 21
21 25 28 29 32 33 35 38 41 43
2 5 8 10 12 14 17 20 21 23
3 8 9 11 13 16 18 22 25 27
23 27 30 32 33 35 38 41 43 45
10
82 94 116 121 133 173 188 221 238 253
105 127 134 151 169 201 232 252 265 285
51 82 101 106 110 133 158 169 179 180
23 34 57 71 72 94 102 127 128 140
61 72 97 98 110 152 179 204 218 232
23 34 45 60 82 95 99 124 147 167
43 57 69 85 101 121 131 153 159 188
115 128 136 174 179 206 244 273 281 292
98 102 127 149 158 197 215 230 251 265
11 23 39 48 51 76 93 111 128 148
49 71 82 94 106 143 159 184 187 196
76 95 121 143 152 173 197 201 206 213
139 140 148 178 180 213 267 295 298 304
111 124 153 184 204 221 230 252 273 295
93 99 131 159 179 188 215 232 244 267
39 45 69 82 97 116 127 134 136 148
148 167 188 196 232 253 265 285 292 304
128 147 159 187 218 238 251 265 281 298
11 23 43 49 61 82 98 105 115 139
7
14 21 27 31 33 36 41
10 17 22 23 27 29 31
23 30 31 41 43 45 52
19 24 31 34 36 41 43
10 18 22 27 31 34 35
24 30 35 40 43 49 52
13 20 23 31 34 36 40
6 13 18 20 25 26 30
5 8 10 13 15 18 23
8 13 17 21 24 28 30
15 25 27 33 36 40 43
5 6 10 14 19 23 24
23 28 34 36 40 44 45
4
4 9 12 16
3 4 8 12
3 5 7 8
8 16 18 21
7 12 13 18
5 9 10 14
8 10 13 18
2
2 6
6 8
4 8
5
5 10 12 14 16
14 17 21 25 27
6 14 16 20 23
16 23 26 27 31
5 6 11 14 18
11 16 17 22 26
12 16 17 21 24
10 14 16 17 21
18 21 24 29 31
8
6 8 12 15 19 20 22 24
13 16 20 22 24 28 29 34
13 16 18 22 27 28 29 32
12 14 17 19 25 26 28 29
5 7 10 12 14 17 18 21
9 11 14 16 22 23 24 25
16 17 21 25 28 31 34 36
14 17 21 24 25 29 32 36
3 5 7 10 11 12 16 17
6 10 13 15 16 19 22 25
4 6 10 13 16 19 20 21
2 4 5 6 8 10 13 14
8 11 16 19 22 25 27 28
10 12 19 20 23 26 28 31
4 5 6 8 11 14 16 17
7
14 19 23 29 31 36 41
18 23 31 36 40 45 46
22 26 35 41 45 50 55
5 8 13 14 18 19 24
8 12 18 19 20 21 27
15 19 25 29 30 32 36
17 21 28 31 34 37 40
19 21 30 32 37 45 50
13 18 21 25 28 31 35
18 20 25 30 34 40 45
24 27 31 36 40 46 55
13 16 21 23 25 30 31
5 8 13 15 17 18 22
5
7 8 13 14 17
10 11 14 17 19
12 14 17 19 20
7 10 13 14 16
6 7 10 11 14
11 12 16 19 20
3 5 7 10 12
5 7 8 9 12
8 9 14 17 19
7
9 10 12 13 15 17 18
12 15 16 18 20 22 23
5 7 8 9 10 12 14
1 2 4 5 6 8 10
3 5 6 7 8 9 12
4 6 8 10 12 15 16
8 9 12 15 17 20 22
6 8 10 13 15 18 20
7 9 10 12 13 15 17
1 3 5 7 9 11 12
11 13 15 17 18 20 22
5 7 9 12 13 17 18
10 12 14 17 18 22 23
4
6 8 10 12
4 5 7 8
6 7 9 10
5 6 9 11
7 8 11 12
2 4 5 6
2 4 6 7
7
14 17 22 25 28 29 32
12 14 16 21 22 23 28
12 13 19 21 23 27 29
3 4 6 9 10 12 14
6 7 8 11 12 13 17
4 7 9 13 14 17 19
10 12 16 19 22 25 27
15 19 21 24 27 29 32
13 17 18 23 25 27 29
3 6 8 10 12 13 15
9 11 13 18 21 23 24
8 9 10 13 16 19 22
10 13 15 18 19 21 25
10
17 24 31 32 35 39 46 51 53 58
4 6 9 11 14 16 17 20 22 26
10 18 20 27 31 32 35 36 38 44
4 5 6 7 10 14 16 19 21 25
25 31 33 38 49 54 58 62 66 68
5 10 14 18 22 23 24 28 29 30
14 22 26 27 31 35 39 43 47 49
6 11 18 22 26 27 31 33 35 36
9 14 18 19 20 23 28 29 30 33
20 28 33 34 36 42 47 54 56 62
14 21 23 28 35 38 39 42 43 48
16 24 28 31 39 43 46 47 51 54
7 14 19 26 27 29 32 34 36 40
22 29 35 36 38 43 51 55 57 66
11 18 22 26 27 28 31 33 36 38
21 29 30 36 47 50 53 56 57 58
6 10 11 14 18 21 24 26 29 31
26 30 36 40 44 48 54 57 58 68
16 23 27 29 32 38 43 47 50 54
7
5 10 14 17 19 20 31
2 7 8 9 10 11 24
22 25 27 28 31 32 34
1 2 3 4 5 6 23
6 11 15 18 20 21 32
3 8 12 13 14 15 26
1 2 3 4 5 6 22
6 11 15 18 20 21 33
4 9 13 16 17 18 29
2 7 8 9 10 11 25
3 8 12 13 14 15 27
5 10 14 17 19 20 30
4 9 13 16 17 18 28
2
2 4
4 8
2 6
5
4 8 10 11 12
7 8 10 11 13
8 10 11 12 14
1 3 5 7 8
5 6 9 10 12
6 9 12 13 14
2 5 6 8 10
1 2 3 4 6
3 5 7 8 9
8
5 9 13 17 19 23 24 28
9 19 22 24 25 26 33 39
8 17 18 19 23 25 32 35
3 6 7 8 9 10 14 15
15 28 31 33 34 36 38 46
7 13 15 16 19 23 30 32
6 9 10 12 15 19 26 28
22 26 30 32 33 34 36 38
18 19 23 25 26 28 31 36
10 12 16 19 24 26 29 33
10 23 25 26 27 28 34 40
14 24 28 29 30 31 36 42
3 5 7 10 14 18 22 24
24 28 32 35 39 40 42 46
7 10 15 18 22 25 28 31
5
4 5 6 8 10
4 6 8 10 12
6 7 8 9 11
2 3 4 5 6
6 10 11 14 16
2 4 6 8 9
3 5 7 9 11
8 9 10 12 14
5 8 9 12 14
2
22 222
2 22
2 22
7
2 3 4 5 6 7 8
6 7 8 9 10 11 12
3 4 5 6 7 8 9
5 6 7 8 9 10 11
3 4 5 6 7 8 9
7 8 9 10 11 12 13
2 3 4 5 6 7 8
7 8 9 10 11 12 13
4 5 6 7 8 9 10
4 5 6 7 8 9 10
1 2 3 4 5 6 7
6 7 8 9 10 11 12
1 2 3 4 5 6 7
10
5 9 10 14 15 16 18 22 23 27
17 19 22 24 26 31 34 37 41 43
4 7 9 11 14 15 17 19 20 21
17 20 28 31 32 36 38 41 42 43
15 19 25 26 29 33 35 37 38 40
6 9 10 13 17 20 22 25 28 30
7 14 17 18 21 22 25 26 29 32
21 24 27 29 32 34 37 40 43 46
12 13 16 18 22 27 31 33 36 37
18 22 23 27 29 32 35 38 42 44
9 15 20 22 24 27 28 31 32 34
10 12 15 16 21 24 28 29 32 35
6 11 13 15 16 18 19 24 27 29
19 21 30 34 35 37 41 43 44 46
15 17 18 19 25 28 33 35 38 41
4 7 9 11 12 13 17 19 22 24
1 4 5 6 7 9 12 15 17 19
12 17 22 25 28 31 33 34 35 37
1 4 6 7 10 12 15 17 18 21
7
33 68 70 89 105 122 146
37 86 96 116 120 135 163
16 34 48 54 58 61 69
69 99 146 163 164 193 199
54 73 89 116 119 135 151
16 32 33 37 60 64 71
58 75 105 120 137 151 173
60 103 107 119 137 145 164
71 110 134 151 173 183 199
61 81 122 135 145 170 183
64 108 114 135 151 170 193
48 60 70 96 107 114 134
32 45 60 73 75 81 99
4
3 5 6 12
3 5 6 11
7 10 12 13
1 2 3 7
8 9 11 13
2 4 5 10
1 2 3 8
10
4 5 6 7 8 9 10 11 12 13
9 10 11 12 13 14 15 16 17 18
9 10 11 12 13 14 15 16 17 18
1 2 3 4 5 6 7 8 9 10
3 4 5 6 7 8 9 10 11 12
2 3 4 5 6 7 8 9 10 11
5 6 7 8 9 10 11 12 13 14
7 8 9 10 11 12 13 14 15 16
10 11 12 13 14 15 16 17 18 19
2 3 4 5 6 7 8 9 10 11
1 2 3 4 5 6 7 8 9 10
6 7 8 9 10 11 12 13 14 15
5 6 7 8 9 10 11 12 13 14
3 4 5 6 7 8 9 10 11 12
4 5 6 7 8 9 10 11 12 13
8 9 10 11 12 13 14 15 16 17
8 9 10 11 12 13 14 15 16 17
10 11 12 13 14 15 16 17 18 19
6 7 8 9 10 11 12 13 14 15
4
36 63 87 100
46 69 87 100
11 12 31 36
34 54 62 87
31 46 62 87
19 24 46 63
12 24 54 69
5
10 14 18 22 25
9 16 22 25 31
7 13 18 24 27
14 21 27 31 33
5 10 13 16 17
4 6 7 9 10
12 19 24 25 30
10 17 25 30 33
6 10 14 19 21
10
3 5 8 9 10 11 12 14 15 17
6 9 12 15 18 20 23 25 27 30
16 21 22 29 31 34 35 39 43 46
3 6 7 9 12 13 15 16 19 21
9 15 18 20 22 23 26 29 31 33
19 24 25 31 33 36 37 42 44 47
17 30 31 37 39 40 43 46 47 49
11 20 24 27 29 31 33 34 36 38
13 16 20 23 26 31 33 35 38 40
15 27 30 35 36 38 41 43 44 47
7 10 13 18 21 24 27 28 30 31
9 12 14 20 22 27 30 32 35 37
8 12 13 14 17 20 21 22 25 28
14 25 28 32 33 35 37 39 42 44
5 9 10 12 15 16 19 21 24 26
12 15 17 22 23 29 31 33 36 39
10 18 21 22 23 26 29 31 33 36
21 26 28 33 36 38 39 44 47 49
15 19 21 26 29 33 34 37 41 43
10
2 12 22 32 42 52 62 72 82 92
21 22 23 24 25 26 27 28 29 30
5 15 25 35 45 55 65 75 85 95
7 17 27 37 47 57 67 77 87 97
3 13 23 33 43 53 63 73 83 93
1 11 21 31 41 51 61 71 81 91
81 82 83 84 85 86 87 88 89 90
41 42 43 44 45 46 47 48 49 50
10 20 30 40 50 60 70 80 90 100
9 19 29 39 49 59 69 79 89 99
1 2 3 4 5 6 7 8 9 10
11 12 13 14 15 16 17 18 19 20
91 92 93 94 95 96 97 98 99 100
6 16 26 36 46 56 66 76 86 96
31 32 33 34 35 36 37 38 39 40
4 14 24 34 44 54 64 74 84 94
71 72 73 74 75 76 77 78 79 80
8 18 28 38 48 58 68 78 88 98
51 52 53 54 55 56 57 58 59 60
2
2 22
22 222
22 222
10
13 17 18 20 22 24 26 28 29 32
15 18 20 23 25 27 28 30 32 33
2 3 5 7 8 9 11 12 14 15
9 12 14 15 18 19 21 23 24 27
15 19 21 22 23 26 28 30 32 33
2 4 5 7 8 9 11 12 13 15
11 13 14 18 20 21 22 23 26 28
12 14 15 20 21 23 24 25 28 30
4 5 6 8 10 12 13 14 16 18
7 8 9 11 14 15 18 19 20 22
14 16 17 21 22 24 26 28 29 32
3 5 7 9 11 12 14 15 17 19
9 12 13 16 17 19 21 22 24 26
8 11 13 14 16 17 20 21 22 25
5 6 8 10 13 14 16 17 18 21
12 15 17 19 21 22 23 25 28 30
5 7 8 9 12 13 14 15 17 20
8 10 12 14 16 18 20 21 22 23
7 9 10 11 14 16 18 20 21 23
8
6 9 14 16 18 20 23 24
2 5 7 8 10 12 15 16
7 10 11 14 16 18 20 21
10 14 18 20 21 23 26 30
3 6 10 11 13 15 16 17
12 16 20 22 25 26 27 33
16 17 20 24 28 30 33 36
15 16 17 23 25 26 27 30
10 13 14 18 20 21 25 26
4 8 11 12 14 16 17 20
12 15 16 20 21 23 26 29
5 6 8 9 11 14 16 17
8 11 16 17 20 21 25 28
2 3 4 6 8 10 12 15
8 11 12 16 17 20 22 23
7
5 12 19 26 33 40 47
6 13 20 27 34 41 48
8 9 10 11 12 13 14
36 37 38 39 40 41 42
43 44 45 46 47 48 49
3 10 17 24 31 38 45
29 30 31 32 33 34 35
15 16 17 18 19 20 21
1 8 15 22 29 36 43
4 11 18 25 32 39 46
2 9 16 23 30 37 44
1 2 3 4 5 6 7
22 23 24 25 26 27 28
4
9 10 11 12
5 6 7 8
3 7 11 15
1 2 3 4
13 14 15 16
1 5 9 13
4 8 12 16
6
16 27 28 30 35 42
1 4 6 11 15 17
15 21 22 30 31 35
7 15 17 21 22 26
6 15 17 21 26 28
6 11 15 19 21 22
1 6 7 11 15 16
15 22 26 28 31 37
4 11 15 19 22 27
17 22 26 33 37 42
11 19 21 25 30 33
2
2 6
2 4
6 8
8
6 9 12 14 16 22 23 29
17 19 21 23 29 33 35 39
14 18 21 24 28 38 39 42
2 4 6 10 11 13 17 20
20 23 26 29 30 37 39 42
4 8 9 13 15 19 21 26
2 3 4 6 7 10 12 14
10 12 13 14 17 19 21 24
13 15 19 22 26 30 34 38
11 14 15 16 19 21 22 28
6 7 9 12 14 15 20 21
10 13 15 19 21 30 33 37
3 6 7 12 14 15 19 23
12 17 20 21 22 34 35 39
7 11 14 17 19 26 29 30
4
10 13 15 20
3 6 9 10
9 11 14 17
8 12 17 20
7 11 14 15
6 8 11 12
6 8 11 13
4
7 9 11 14
8 11 14 16
5 8 11 13
1 4 7 8
4 6 8 11
1 4 5 8
4 6 9 10
3
2 3 4
1 2 3
3 4 5
2 3 4
1 2 3
8
20 24 30 32 36 41 42 48
7 8 10 15 16 17 23 24
9 10 15 17 18 28 30 33
12 16 17 19 21 25 29 32
23 26 30 34 37 38 39 42
19 23 27 29 31 38 39 44
4 7 9 12 16 20 23 26
26 27 33 38 40 41 44 48
16 17 18 22 23 29 31 36
20 24 28 30 33 36 38 41
15 17 23 25 29 36 38 41
5 8 11 16 17 24 26 27
9 11 15 17 19 23 27 30
12 15 17 19 22 30 34 38
4 5 9 12 13 15 19 20
7
2 4 6 8 9 10 11
9 12 13 15 16 19 20
1 2 3 5 7 9 11
9 11 13 17 19 20 22
4 6 8 9 11 13 15
1 3 4 6 7 8 9
7 9 11 13 14 16 18
7 10 11 13 14 17 19
3 4 6 8 10 12 14
8 10 12 15 17 19 21
11 14 15 17 18 21 22
6 8 9 10 13 15 17
5 8 9 10 13 15 17
3
3 4 5
1 2 3
1 2 3
2 3 4
3 4 5
4
3 4 5 6
2 3 4 5
4 5 6 7
1 2 3 4
3 4 5 6
2 3 4 5
1 2 3 4
2
2 4
2 5
4 6
