100
4
2 3 4 1
4
3 3 4 1
4
3 3 4 3
10
7 8 10 10 9 2 9 6 3 3
10
2 3 1 10 3 5 6 7 8 9
20
20 10 19 1 7 16 16 5 8 4 5 7 20 7 14 11 3 9 1 3
1000
760 997 172 121 63 22 423 13 164 905 667 364 202 943 572 775 922 689 30 32 59 715 784 798 793 880 600 327 872 720 262 320 77 419 734 446 141 671 721 481 933 50 231 649 246 448 876 629 864 399 106 308 19 489 101 596 993 648 806 989 554 146 499 650 445 995 386 524 867 203 983 821 163 306 407 181 888 263 465 384 713 548 321 24 626 156 718 729 540 873 719 125 29 349 702 526 769 215 41 497 582 338 539 395 761 841 51 858 586 39 123 924 266 133 251 676 127 55 424 830 610 242 142 296 816 209 309 216 463 683 707 350 294 358 608 254 240 857 537 187 470 471 1 723 368 899 270 74 870 367 245 90 174 696 411 703 875 999 962 421 122 656 567 809 476 868 536 678 28 697 443 916 776 986 771 732 979 811 37 380 179 847 1000 894 183 538 560 336 915 926 848 403 332 976 351 628 722 911 657 890 472 93 31 347 130 642 820 762 496 94 599 435 288 813 268 2 885 981 504 385 225 36 741 509 971 998 143 879 139 316 429 557 514 325 468 543 545 666 213 70 937 234 185 630 990 930 680 972 940 635 759 450 391 235 374 362 281 742 942 318 244 585 428 544 21 839 602 891 81 333 60 17 300 800 422 138 616 752 250 286 668 388 845 852 604 764 964 314 329 966 790 822 791 208 87 278 335 815 295 153 152 786 98 89 904 823 491 239 65 79 5 482 241 938 167 458 322 258 107 985 991 469 184 334 83 311 917 150 42 682 651 807 158 708 516 44 252 952 828 737 348 356 669 639 932 86 397 871 746 955 576 342 145 486 34 699 61 944 337 467 967 433 794 785 233 810 477 293 673 378 949 256 756 344 128 919 161 701 652 700 614 939 389 485 466 931 505 406 907 818 201 413 437 910 119 180 276 267 788 733 16 495 227 684 124 102 591 853 269 826 111 372 212 40 840 631 394 617 57 207 906 72 724 843 521 502 232 612 886 487 317 328 160 513 914 47 836 674 33 918 974 941 343 260 330 646 175 211 488 370 735 637 920 243 766 542 935 188 432 579 292 475 643 753 353 366 835 977 660 787 968 197 854 73 601 546 814 304 866 404 754 780 903 636 253 323 889 593 829 67 695 692 103 26 410 377 558 354 638 518 566 564 615 140 108 963 287 929 134 592 559 390 192 120 259 768 597 743 705 805 340 658 960 797 714 6 921 148 118 994 147 789 901 480 984 177 91 640 401 331 280 447 730 607 900 881 383 58 204 452 136 763 48 555 135 874 112 398 97 980 76 315 15 490 425 264 569 442 173 431 493 274 441 632 726 84 849 595 859 553 162 590 568 402 773 897 373 795 324 459 613 298 970 78 846 38 883 110 507 645 346 229 10 427 687 681 581 149 64 206 223 959 594 200 633 217 199 371 307 975 664 856 882 563 456 621 611 951 186 460 191 214 297 738 430 359 462 751 326 561 947 105 627 222 744 706 956 551 25 190 562 71 247 584 132 339 189 892 958 605 688 634 11 461 43 704 303 228 387 869 609 506 510 88 508 717 305 257 622 129 625 75 948 583 522 218 535 352 799 647 56 517 224 833 863 483 205 693 154 9 831 46 361 478 473 440 965 712 365 574 290 691 341 375 479 393 747 838 844 698 884 533 151 238 862 248 770 249 62 237 588 301 182 961 781 675 739 837 54 727 808 796 299 927 749 782 709 934 195 414 392 550 923 35 996 283 878 501 895 530 570 528 434 261 194 408 565 547 198 778 113 277 100 783 511 860 825 909 66 8 598 842 99 556 589 312 534 819 282 196 519 279 115 159 804 531 850 117 166 68 131 740 18 23 494 580 541 272 379 779 690 170 896 155 982 954 451 168 711 221 758 45 438 302 178 109 987 169 20 928 694 418 53 525 126 748 369 624 193 420 381 284 285 865 376 498 444 953 988 641 210 85 893 532 728 832 902 80 992 731 396 654 978 661 271 755 236 275 644 415 655 436 7 912 226 319 618 855 409 686 936 765 12 116 176 144 104 950 851 529 515 620 957 291 455 573 137 313 512 27 14 405 439 619 49 492 587 4 95 973 552 360 412 767 571 672 417 757 877 801 484 606 289 710 725 677 750 92 82 945 898 745 255 165 792 946 665 454 887 382 774 577 772 449 357 736 716 827 578 171 824 623 670 679 474 3 575 453 861 685 777 527 523 803 273 659 219 400 310 230 426 355 52 457 549 416 913 908 345 802 663 464 834 969 363 653 925 265 662 220 603 69 96 114 500 503 157 817 520 812
10
5 5 4 5 4 8 9 1 10 6
100
43 66 74 61 42 84 89 16 57 87 88 10 48 82 76 92 13 20 15 73 98 29 58 45 39 7 22 35 75 86 44 54 8 90 91 79 23 67 50 49 55 25 81 65 60 53 27 9 12 17 96 26 94 33 68 62 77 69 32 59 46 5 18 4 24 56 70 40 21 64 78 63 3 41 83 36 34 11 14 99 47 37 2 19 97 80 71 95 38 51 93 100 72 31 6 52 28 30 1 85
10
8 1 6 8 1 2 1 5 4 3
20
14 11 18 2 4 3 17 19 20 19 3 18 9 5 14 12 4 12 5 17
200
3 135 143 60 132 94 200 60 85 131 134 73 130 157 128 51 101 8 8 55 173 145 124 34 125 81 77 156 199 162 18 59 129 81 154 8 106 88 45 108 20 48 54 39 116 176 83 196 102 103 111 185 60 42 128 91 134 94 193 120 139 134 117 10 62 176 25 22 58 1 200 84 98 140 19 16 168 149 114 8 26 56 46 146 7 105 183 182 128 113 88 96 62 58 61 9 105 174 131 3 5 124 138 175 171 37 170 76 164 154 146 34 180 190 188 153 185 26 186 37 156 17 109 172 58 31 110 147 193 63 34 106 188 118 6 86 197 80 161 122 112 138 161 13 135 171 156 62 187 64 100 148 118 191 4 125 78 15 132 183 68 144 33 121 73 89 31 192 14 181 59 159 200 18 100 119 168 64 115 76 103 109 74 167 84 99 72 18 68 3 33 110 59 53 57 45 54 121 185 45
20
19 3 1 12 18 12 1 3 17 2 3 8 14 11 9 6 20 13 6 8
101
10 64 100 11 59 76 1 70 78 50 89 39 94 79 68 73 47 77 37 98 83 13 36 14 20 95 44 71 56 51 29 9 24 54 6 46 8 97 47 81 63 82 53 54 4 75 41 88 65 27 96 42 90 34 89 28 98 7 32 3 45 33 67 84 87 13 40 52 21 25 15 16 49 19 35 69 45 91 18 92 74 80 62 38 23 72 30 62 60 2 58 53 50 86 31 12 101 26 53 5 85
10
10 4 1 7 9 10 1 1 1 2
1000
683 201 784 939 85 662 618 902 79 461 48 843 374 214 790 251 15 396 202 888 997 501 76 666 237 726 884 545 197 362 912 951 993 635 516 641 755 419 756 187 102 300 286 639 874 917 612 600 576 32 233 55 212 512 277 657 619 891 665 110 121 46 92 934 168 444 38 597 627 254 453 871 518 60 685 922 869 49 228 952 77 730 977 388 127 347 763 695 172 772 283 401 414 702 167 780 100 583 484 210 882 56 455 97 816 164 139 707 989 9 759 571 870 613 447 112 999 162 846 648 364 928 681 694 508 239 994 78 363 531 768 256 854 596 905 148 163 963 858 953 562 252 469 710 523 30 774 421 159 33 637 135 316 582 336 703 649 938 84 149 825 140 472 64 346 942 832 317 792 477 329 647 270 34 119 215 815 232 849 190 936 417 223 533 404 58 430 510 44 52 791 393 408 487 448 620 704 711 625 696 294 868 394 495 440 379 131 794 867 57 130 3 73 634 389 16 359 273 27 575 660 652 574 895 960 539 603 220 897 26 45 914 169 546 734 471 797 429 21 933 556 590 290 519 954 885 976 222 866 68 959 82 804 615 195 811 376 360 400 280 835 70 238 51 152 184 690 746 570 161 229 633 250 295 727 542 334 567 535 426 818 860 969 808 345 456 586 778 14 435 321 141 249 932 852 842 37 126 923 762 218 904 382 289 509 462 473 467 513 260 820 427 491 924 805 736 799 118 579 265 782 75 83 370 89 174 624 819 839 929 850 366 614 745 151 638 505 146 972 255 680 451 386 227 968 693 920 485 335 735 407 880 267 350 785 931 656 226 411 351 53 129 192 18 39 328 592 716 787 236 50 548 245 507 158 525 886 737 664 216 466 930 742 342 687 200 906 738 291 686 674 606 911 910 35 497 764 478 631 155 889 486 955 101 823 144 876 307 217 584 142 25 987 377 650 587 356 992 124 947 946 269 29 332 967 861 801 196 982 136 454 113 538 13 828 520 961 298 739 450 668 348 23 465 293 580 244 771 777 493 322 94 372 475 985 134 862 718 488 659 898 463 145 19 42 276 310 424 425 464 246 132 297 28 438 747 114 6 877 725 315 31 962 540 991 669 769 263 903 573 116 779 325 381 528 887 287 278 901 498 369 803 607 457 974 691 802 117 555 258 598 384 506 225 234 593 741 855 69 4 281 282 981 178 511 383 54 441 610 926 86 422 602 629 848 864 420 698 213 115 672 621 841 120 712 193 95 751 724 617 673 979 257 643 667 966 536 338 628 733 705 758 565 935 483 813 754 367 809 692 890 986 468 945 204 365 230 221 40 138 22 403 470 822 61 434 318 320 807 194 684 445 339 821 330 503 721 65 563 604 761 481 671 714 740 274 856 859 675 578 757 585 175 530 371 851 752 908 261 279 601 875 405 10 524 853 500 160 609 397 728 107 713 479 150 171 275 11 74 413 432 537 327 605 41 996 676 697 549 892 708 272 368 309 206 299 514 913 211 189 918 1 689 91 653 956 17 337 292 128 743 581 7 616 191 840 893 157 209 719 170 529 165 679 688 599 2 176 925 399 323 645 296 626 20 517 731 568 534 827 588 800 446 412 670 658 872 632 109 826 948 899 437 105 449 775 106 137 99 8 561 844 480 608 776 706 88 354 96 353 304 515 896 566 90 305 344 199 950 301 415 460 188 341 636 970 709 428 66 476 806 302 103 418 834 786 980 326 492 879 773 104 937 499 262 838 591 242 402 767 781 975 795 324 361 24 490 798 796 494 527 766 729 560 331 927 410 303 43 793 572 133 459 271 1000 81 557 352 965 814 375 554 646 522 63 443 36 185 208 640 750 749 532 240 343 398 489 943 833 817 173 111 589 72 717 783 416 564 306 12 723 231 611 308 378 387 651 732 247 154 87 829 357 183 998 108 810 836 630 219 526 180 93 452 715 865 944 720 264 700 182 203 788 543 547 577 830 559 395 166 406 482 319 701 385 340 978 358 248 988 558 122 964 313 837 502 179 496 655 423 541 921 80 243 940 409 349 765 458 253 644 847 439 390 881 207 181 699 569 971 380 812 5 312 314 894 990 288 677 333 259 845 824 474 984 907 143 235 59 958 62 916 224 431 392 661 311 753 268 373 241 878 941 983 789 551 873 883 198 722 521 760 147 205 553 544 98 355 125 47 744 436 831 266 642 623 71 654 67 748 863 915 622 770 433 900 663 973 153 284 595 995 909 391 857 552 156 919 550 442 123 594 186 177 678 682 285 957 504 949
871
779 103 431 72 187 396 538 282 137 195 214 662 128 659 301 473 113 586 677 66 739 335 842 304 177 783 706 238 471 271 598 519 484 705 330 495 544 125 579 852 420 355 191 306 636 724 475 846 656 742 603 425 102 752 291 815 558 197 837 590 220 533 602 716 641 477 40 95 340 367 363 593 680 360 456 193 409 341 32 158 578 225 492 667 543 88 744 430 463 326 628 714 83 222 349 382 798 568 316 700 308 446 828 299 599 138 300 661 468 213 281 24 566 120 369 240 178 690 48 170 712 353 284 28 82 660 215 861 451 362 848 147 223 749 610 825 75 754 849 609 688 53 315 328 572 167 337 643 338 105 461 715 792 201 589 133 509 633 99 621 632 556 769 464 522 278 1 120 657 496 449 864 242 288 730 455 385 644 373 418 322 463 654 171 859 820 532 722 244 606 756 204 620 766 534 84 23 737 412 851 807 3 647 334 246 584 854 58 260 757 205 294 270 439 249 719 517 36 269 207 445 645 247 354 421 116 352 830 801 54 580 515 52 794 309 279 402 157 493 585 626 479 440 336 410 648 576 317 77 151 368 29 583 776 127 535 460 41 200 30 388 734 805 788 539 144 637 405 435 748 787 530 683 325 521 528 702 67 799 746 76 5 767 10 605 310 248 64 525 472 202 551 119 216 399 257 506 81 71 267 45 98 189 136 708 47 93 27 549 554 365 361 733 384 438 571 478 142 524 611 359 166 717 22 613 630 595 375 280 241 391 672 44 623 164 86 9 17 33 514 770 433 710 153 691 237 797 394 726 490 786 172 795 625 465 226 692 39 802 440 266 379 686 78 235 546 833 867 836 414 550 68 618 480 781 190 233 37 582 481 721 564 106 733 501 307 378 387 168 112 183 569 689 650 38 87 664 682 559 540 69 629 11 520 863 560 574 212 518 761 772 419 821 729 696 448 474 386 494 453 832 755 832 454 679 840 831 319 622 51 773 531 211 192 111 461 149 314 324 705 429 357 374 70 720 31 210 646 382 132 152 122 502 259 199 735 826 483 434 669 150 499 507 681 459 617 736 148 467 380 21 194 154 541 403 104 344 557 652 277 169 732 485 14 674 422 458 658 763 227 814 290 43 635 208 775 327 819 239 526 275 562 512 807 743 676 101 853 139 296 489 331 844 274 91 196 264 428 289 866 110 762 114 273 803 818 701 601 413 561 591 230 612 50 175 790 2 57 491 437 751 845 318 616 699 740 709 332 811 856 96 707 432 817 256 395 135 465 444 829 608 276 145 780 348 113 286 155 182 759 261 89 62 827 272 768 370 26 90 92 436 592 121 292 126 698 567 684 358 575 738 476 727 342 20 462 287 356 581 234 298 173 847 295 673 570 841 283 774 65 508 778 393 627 704 765 117 107 118 697 426 159 638 130 545 663 258 262 665 146 594 140 129 503 573 41 176 42 816 511 297 406 12 163 181 614 35 812 843 313 100 470 857 640 542 108 303 835 398 16 771 566 115 607 860 408 764 649 834 760 500 182 436 206 666 4 636 858 865 254 527 15 417 487 450 824 416 404 372 488 469 871 804 305 687 236 377 758 745 588 34 835 18 131 74 728 555 6 350 243 156 510 345 255 443 392 482 250 141 505 694 868 750 547 563 855 670 174 653 457 389 397 427 96 218 224 185 79 259 293 810 245 793 523 813 25 678 55 184 838 285 553 862 400 165 823 424 56 497 383 59 160 486 188 806 685 366 73 143 203 343 371 176 504 869 390 49 347 731 351 839 376 19 228 179 232 415 162 513 217 548 718 123 693 251 565 785 109 63 313 789 596 777 411 452 268 340 537 741 747 639 637 587 231 631 355 134 619 407 339 364 782 7 124 311 809 346 198 229 302 642 139 381 651 137 423 401 320 671 252 822 850 703 600 725 46 209 466 723 80 447 333 536 695 161 796 97 655 321 442 604 61 791 454 577 114 186 753 675 263 800
502
322 146 352 66 178 150 45 237 70 361 25 21 138 497 8 496 255 10 68 310 351 223 207 64 287 349 311 171 301 155 44 62 139 436 106 210 12 34 412 63 79 460 368 296 18 50 232 482 20 41 286 262 24 499 181 384 265 157 309 89 289 211 371 260 82 14 363 315 279 186 37 291 458 372 434 69 292 344 489 335 169 388 240 354 471 103 231 139 455 348 318 49 376 493 359 121 132 420 74 338 270 205 433 241 4 330 483 158 439 247 67 355 375 381 480 203 293 435 358 421 396 431 440 387 76 438 492 104 340 411 282 188 198 102 38 73 2 374 144 55 47 467 160 58 137 430 221 266 452 167 429 284 378 156 495 409 432 446 31 485 334 365 414 98 13 65 173 273 391 297 243 180 163 244 319 27 129 145 226 40 449 259 23 130 134 166 57 303 442 136 127 96 190 280 143 71 35 450 77 413 339 52 453 377 451 333 193 478 473 233 385 140 307 498 324 389 269 308 454 419 122 220 99 370 108 141 187 133 238 86 298 148 362 201 402 48 33 26 113 484 457 1 264 445 202 101 380 249 75 17 345 175 367 149 227 276 477 281 252 204 350 189 179 131 224 486 491 468 502 258 83 364 245 393 116 437 490 366 383 406 373 161 248 313 353 84 277 230 51 85 379 403 443 209 95 16 417 239 306 81 327 6 117 369 320 405 107 263 392 425 394 3 488 357 470 199 312 399 115 225 400 295 162 337 314 229 360 80 323 194 448 53 112 290 200 61 119 153 19 456 316 218 234 336 42 410 441 97 5 404 114 165 92 22 462 111 418 426 474 152 447 168 390 444 268 422 214 170 342 253 228 304 120 90 347 427 461 91 172 219 465 475 15 110 213 72 275 60 185 395 332 261 43 397 346 423 487 192 184 135 326 305 294 28 472 398 222 251 246 195 182 299 142 109 147 415 408 341 329 463 343 500 272 321 124 46 382 183 274 466 105 479 9 78 254 36 250 93 216 197 215 236 256 267 123 30 283 416 191 285 459 159 7 401 428 118 164 11 54 356 212 56 59 151 302 481 125 39 242 464 407 271 94 501 177 325 288 87 174 386 331 206 476 278 29 154 469 176 126 328 235 424 208 88 317 128 196 100 217 257 300 32
10
9 8 8 6 2 9 2 5 10 6
100
19 35 46 83 73 29 5 42 99 66 52 68 57 37 21 59 14 50 65 76 69 41 19 55 30 58 6 52 82 64 56 88 13 6 77 15 42 47 78 64 100 3 80 12 33 71 93 94 63 86 58 72 78 99 49 25 51 12 43 90 2 69 16 22 98 61 23 45 54 95 75 67 32 17 17 36 96 66 34 97 4 85 38 43 60 94 70 18 79 79 38 56 87 5 4 53 24 11 20 31
320
172 245 175 22 247 171 260 147 80 130 81 277 286 303 61 152 141 187 141 240 51 251 56 306 53 282 255 11 261 7 317 92 128 250 218 113 189 4 244 106 249 313 45 195 223 127 40 79 119 205 73 196 217 224 108 237 67 306 133 238 35 314 200 80 3 18 295 33 30 84 215 77 93 318 136 139 302 248 2 47 66 236 62 254 283 76 247 115 297 110 239 265 132 290 318 29 320 102 129 73 50 52 86 34 315 179 83 293 160 311 96 163 68 135 155 20 109 213 46 241 38 181 259 118 230 71 95 267 112 129 130 142 94 72 42 244 176 70 24 184 117 301 135 15 34 191 207 116 175 46 263 80 162 303 122 149 26 88 273 229 291 185 15 16 169 231 286 246 304 61 227 206 252 264 248 204 205 33 307 99 103 236 303 89 97 165 85 191 262 188 59 65 64 17 309 167 189 52 158 252 69 167 143 52 125 154 124 261 108 21 49 25 126 136 223 275 111 268 57 171 123 41 27 37 200 56 69 11 169 3 129 107 62 267 300 269 267 217 39 293 31 44 55 220 298 272 266 168 153 134 277 296 137 211 236 76 212 3 145 174 180 101 75 92 57 26 199 257 216 141 6 278 87 152 190 89 138 308 197 228 200 90 2 194 256 319 54 274 184 118 121 194 315 161 151 222 172 116 11 280 120 21 87 288 178 36 284 287 276 188 242 279 123 291 235 227 123 314 63 98
20
13 11 6 17 18 3 20 2 3 6 13 4 3 17 3 13 14 9 18 4
1000
461 850 140 749 386 71 196 65 900 962 66 543 877 176 885 387 203 466 248 835 799 750 690 257 173 335 169 100 568 319 244 343 58 961 144 487 147 910 25 289 514 599 683 94 397 887 701 337 908 204 138 713 639 723 918 112 61 33 402 374 57 978 370 691 8 737 673 265 524 190 657 611 671 533 981 892 575 462 361 896 367 480 356 774 938 206 184 26 743 227 363 999 971 418 383 765 189 185 570 707 372 123 693 371 802 753 881 689 194 664 357 16 844 620 164 630 132 231 943 498 299 775 102 755 847 37 435 608 516 679 228 117 452 532 829 572 891 51 558 40 551 218 619 35 666 346 104 996 210 170 556 510 646 246 922 596 333 669 777 255 699 718 594 46 224 783 809 520 27 150 495 459 597 830 488 301 800 601 936 580 108 862 954 490 279 921 705 838 97 994 427 989 883 109 393 7 506 935 633 763 609 721 14 50 965 942 595 443 329 149 931 767 766 818 515 197 973 142 787 428 724 410 553 311 628 362 90 131 709 454 817 929 842 309 280 18 612 686 895 98 261 857 531 31 728 154 456 19 870 702 661 703 489 384 160 717 566 678 546 751 241 467 276 308 68 330 388 769 856 471 420 366 778 492 302 93 582 852 744 391 236 211 851 422 840 694 578 613 680 629 187 985 781 214 941 843 398 920 121 589 806 554 49 957 626 603 92 264 234 447 163 561 574 358 837 748 901 964 879 623 479 845 824 975 731 200 770 810 89 266 913 610 157 826 342 103 17 884 773 297 472 328 32 740 980 146 950 9 21 424 359 708 404 836 952 83 111 314 70 247 867 226 91 493 382 525 81 752 598 63 632 423 513 972 518 313 625 415 351 209 412 365 803 254 897 171 106 267 940 903 275 988 195 801 450 668 485 932 95 990 504 786 958 353 927 946 827 987 804 677 983 381 433 519 378 557 871 419 634 239 318 284 345 350 902 464 191 290 726 663 508 888 413 470 127 439 503 453 878 869 576 934 208 866 522 816 310 839 861 395 473 133 438 166 188 496 849 74 172 645 1 78 868 161 486 348 262 947 797 434 270 341 181 911 219 635 256 997 321 618 739 288 676 894 263 465 36 725 253 757 688 882 715 747 761 30 698 120 547 776 754 820 622 631 876 122 251 431 722 152 736 720 373 41 340 674 602 375 414 168 604 222 536 69 380 655 624 114 555 644 923 134 864 886 915 474 959 991 937 274 814 675 379 225 924 281 499 732 571 307 141 912 223 812 205 151 734 139 567 79 312 13 697 860 643 914 559 29 116 165 549 136 955 448 77 537 87 156 805 180 782 235 389 482 779 917 982 906 300 907 745 729 905 898 355 469 667 294 42 890 178 517 306 521 727 125 933 762 201 332 72 237 614 659 681 272 834 758 143 880 760 287 88 527 377 305 759 159 477 654 445 560 199 534 67 949 562 741 53 658 126 6 565 825 349 153 45 322 230 243 656 977 3 538 526 651 385 640 277 832 364 780 430 591 909 529 128 785 158 789 73 710 416 700 528 483 969 258 130 859 615 711 43 815 998 617 44 491 841 23 64 588 56 286 687 976 563 497 60 545 974 250 252 682 115 956 846 854 229 672 15 873 52 369 436 376 409 271 872 110 202 24 54 221 11 429 605 245 592 738 5 509 893 948 12 511 979 730 481 344 347 756 648 217 695 822 494 316 4 22 145 795 259 501 124 215 232 823 650 621 808 714 129 653 96 213 212 899 268 327 970 960 339 84 865 500 548 944 585 662 293 581 240 273 449 606 523 792 670 86 813 788 10 967 475 951 791 874 401 177 394 105 118 539 660 984 59 863 167 530 1000 831 853 541 684 968 76 162 793 502 993 746 544 323 550 334 407 919 135 174 716 282 260 437 20 692 315 39 47 285 85 233 296 113 583 396 175 926 457 2 283 278 616 649 216 269 242 992 569 564 542 182 638 291 636 444 463 75 440 249 417 399 712 798 995 207 959 442 742 764 107 627 193 338 986 441 807 432 945 600 137 476 733 484 811 80 647 930 768 326 317 425 390 939 593 928 590 642 665 38 460 552 331 505 535 953 586 55 828 298 186 155 641 360 455 848 405 790 966 336 354 735 607 819 198 179 833 637 99 303 295 855 119 904 889 320 468 579 704 719 796 858 916 183 573 706 304 403 877 406 34 325 925 28 408 458 794 238 963 771 48 784 577 324 446 696 652 507 421 512 82 587 411 62 292 772 426 392 192 400 101 584 821 352 875 148 478 685 451 220
165
15 152 120 39 2 73 137 74 85 160 61 122 35 87 67 70 117 100 123 161 13 2 91 38 158 20 34 155 106 10 26 116 32 5 18 51 29 86 120 130 139 132 45 108 33 4 2 84 160 27 115 126 143 159 48 43 24 6 72 8 125 48 30 113 17 101 139 150 102 9 164 155 151 112 53 115 102 38 146 143 49 33 125 55 144 98 151 98 20 133 17 91 54 16 75 70 8 164 36 20 57 39 12 2 107 109 157 26 134 24 81 153 67 150 20 71 15 76 80 153 86 5 39 22 58 7 86 158 27 15 67 40 49 105 7 42 126 13 15 122 39 64 54 152 136 20 158 103 120 131 8 50 46 165 55 91 29 88 119 133 115 12 108 25 108
53
29 32 33 6 47 35 27 12 4 25 53 26 41 51 39 10 30 3 14 45 1 43 32 7 13 28 25 22 51 52 37 6 21 23 2 49 50 19 24 31 10 44 34 11 40 5 38 16 42 9 14 15 48
1000
719 371 500 81 875 604 762 561 331 91 771 780 37 595 531 629 385 251 707 872 770 903 974 294 139 483 400 759 748 615 902 96 58 121 393 276 663 8 565 376 164 518 756 237 35 927 857 186 641 41 389 785 229 664 479 313 354 586 429 359 218 60 178 998 728 415 980 720 421 415 473 42 12 566 558 507 716 822 853 955 646 373 233 70 967 113 681 68 696 317 480 727 681 849 29 396 242 96 163 977 720 137 973 402 713 514 767 69 302 661 415 822 559 593 904 746 851 647 473 3 860 419 539 110 605 150 316 626 669 560 814 91 98 774 88 756 344 663 242 699 317 527 402 983 276 578 109 525 753 91 391 844 12 155 217 508 260 56 149 44 417 582 748 229 17 361 28 267 387 30 50 50 237 753 694 880 703 862 355 380 315 942 671 253 128 589 313 931 434 499 409 242 638 718 21 431 438 267 267 903 620 47 423 81 995 83 674 839 719 406 97 528 659 511 504 115 555 620 42 700 462 763 421 466 658 895 942 814 212 44 719 5 933 751 190 395 973 181 465 10 821 253 752 860 583 941 42 22 440 483 775 36 195 852 525 524 129 875 534 287 476 273 834 54 864 578 756 631 698 397 87 201 197 968 304 719 654 879 522 410 897 14 687 956 387 523 751 654 445 255 258 963 442 248 271 471 841 820 811 934 1 272 422 677 760 21 877 945 434 842 722 913 929 453 825 901 896 970 336 999 528 783 318 307 355 888 314 768 937 438 683 740 176 110 842 815 994 399 479 762 816 440 892 84 516 848 827 184 282 322 893 172 840 770 969 403 152 293 959 502 878 837 458 773 567 731 253 55 939 747 268 752 435 343 271 98 535 713 504 542 59 94 602 986 199 392 471 965 238 299 567 804 758 939 62 569 265 324 628 274 134 43 678 857 183 21 328 296 56 540 903 232 626 928 617 629 713 812 202 323 116 838 245 254 825 283 234 351 564 834 628 672 252 226 281 388 450 482 979 630 705 297 384 116 482 914 624 626 181 493 336 122 94 447 787 578 1000 140 185 408 93 958 695 363 288 529 368 343 476 254 362 782 782 379 221 670 795 959 769 169 910 536 608 340 725 437 445 579 315 45 105 407 406 538 99 400 528 127 378 723 696 893 238 964 885 272 840 49 251 258 668 290 475 663 567 60 285 388 509 842 123 651 478 9 725 459 696 158 964 682 761 660 267 298 22 707 946 66 307 715 213 461 985 743 514 762 886 173 255 821 921 85 69 138 303 972 476 767 56 837 117 20 660 541 269 521 608 735 240 149 914 472 413 133 51 912 228 775 292 892 888 826 51 790 455 561 481 889 781 806 260 314 238 544 360 404 645 992 568 384 505 763 562 397 594 730 598 198 904 801 798 437 592 405 429 331 225 795 240 17 456 299 101 706 782 775 418 394 743 383 341 952 34 809 163 863 636 156 559 331 777 202 921 148 242 263 331 635 639 400 918 847 882 537 67 311 745 734 947 807 878 167 559 555 687 826 446 184 653 389 811 241 379 730 609 917 987 893 503 635 389 832 874 332 254 877 429 545 989 812 611 259 165 105 841 429 817 331 696 230 95 417 236 679 676 506 388 832 27 811 305 67 201 755 134 839 375 892 686 444 108 477 633 909 993 763 631 823 262 910 156 763 233 432 796 952 422 117 535 576 942 669 746 631 903 252 834 147 261 594 153 627 404 363 736 542 327 554 685 601 639 269 838 119 268 147 689 72 12 384 667 905 86 426 776 36 200 646 726 199 274 173 148 871 992 49 732 178 486 520 694 94 996 624 388 671 406 101 981 825 928 187 772 817 918 356 732 105 504 38 439 554 929 515 985 668 984 754 100 472 698 131 517 583 822 177 989 485 212 709 171 281 68 512 761 591 997 834 982 100 701 476 283 270 803 577 270 309 63 123 398 275 792 362 411 156 69 709 962 676 309 885 639 300 96 543 425 319 370 81 380 586 613 716 401 269 530 655 261 15 555 718 574 951 148 679 65 164 468 645 651 57 346 65 340 936 61 348 770 860 448 385 690 609 827 982 278 925 208 273 562 527 476 877 491 979 700 635 322 48 810 501 800 293 599 582 80 852 442 976 634 718 918 900 400 4 985 918 653 722 663 440 50 145 115 650 480 162 17 648 955 442 100 393 894 673 692 595 373 57 258 342 760 141 115 243 483 399 767 858 447 146 124 340 268 133 949 652 725 155 116 909 887 210 225 87 985 464 618 356 105 41 85 521 655 445 590 791 929 221
100
13 18 21 16 30 47 78 22 75 76 17 98 1 80 69 4 11 2 86 94 3 8 51 74 84 77 31 67 44 5 27 54 99 60 53 57 82 95 96 91 46 97 52 29 79 41 6 65 88 63 23 43 35 32 61 81 36 66 93 34 55 68 50 87 48 58 28 62 15 85 73 89 71 24 9 10 26 7 45 14 56 37 90 25 70 19 64 49 72 83 40 100 59 20 38 39 42 12 33 92
10
2 3 4 6 2 7 8 4 7 3
10
10 1 8 8 9 1 4 3 3 8
50
28 43 34 33 21 26 19 9 27 12 41 42 37 13 41 31 48 26 16 39 47 10 5 6 40 22 49 44 36 45 11 33 7 17 44 29 50 3 45 24 4 40 20 2 1 34 3 23 14 8
320
290 178 113 199 210 182 44 174 201 300 50 64 273 132 90 171 265 303 73 264 101 148 138 8 169 60 191 88 138 235 212 184 123 200 51 198 54 251 19 28 285 67 282 141 260 209 115 74 198 99 100 57 146 123 138 94 236 274 85 232 162 84 101 9 178 26 41 84 58 46 265 256 25 202 184 176 135 30 123 258 163 97 185 193 60 312 90 16 318 161 125 288 43 161 164 93 86 26 291 18 61 160 258 193 141 31 127 226 163 301 93 173 44 287 185 7 308 11 185 241 208 68 21 44 17 187 40 119 181 158 224 298 170 319 239 233 238 149 143 8 211 2 239 78 30 41 13 18 237 48 74 160 22 41 37 68 52 80 88 161 43 315 47 36 170 265 62 110 46 203 92 244 221 159 139 197 95 272 57 293 71 180 320 229 311 190 156 178 267 141 277 274 194 85 253 137 94 284 190 88 112 189 219 107 137 173 217 79 39 161 44 213 299 192 246 288 288 226 106 297 100 305 129 228 217 168 162 223 195 278 318 187 178 317 157 310 110 42 258 55 6 215 12 40 153 20 77 2 90 42 49 143 187 209 61 239 111 205 143 63 76 272 292 56 151 61 129 58 10 230 125 81 179 311 248 215 63 221 316 91 12 215 247 320 135 65 117 140 46 170 202 200 55 80 91 99 54 52 290 269 182 199 64 261 162 319 11 287 47 57 188 95 8 279 155 279 85 140 306 97
995
77 567 844 21 783 723 202 12 7 852 474 158 566 590 403 317 280 217 421 477 24 208 96 826 804 122 718 4 265 58 318 921 108 911 228 272 104 184 787 736 20 666 779 715 333 323 537 958 631 175 266 857 662 242 455 716 978 516 145 457 23 29 163 186 161 547 567 339 867 880 770 593 511 251 357 976 435 701 467 65 323 556 461 611 876 503 20 311 605 873 402 769 217 817 895 743 81 884 634 1 413 142 877 693 755 123 199 227 756 898 314 917 183 59 636 687 979 396 955 927 839 968 106 506 61 798 310 207 406 494 577 126 995 495 614 635 255 243 786 455 325 236 462 305 196 103 171 825 409 695 173 195 144 167 571 5 199 952 338 180 599 399 229 943 618 812 817 860 247 646 93 827 992 526 815 554 557 267 874 110 522 530 1 728 826 911 378 443 204 388 540 3 126 205 381 785 679 440 157 574 45 216 359 49 485 409 799 57 432 310 666 584 149 712 129 450 63 708 471 987 135 818 447 976 853 39 465 541 353 738 153 667 439 201 562 486 526 69 954 788 949 325 337 709 195 408 169 907 469 271 393 84 298 305 737 499 717 906 341 151 590 147 419 650 188 538 178 221 77 938 364 424 279 157 651 160 803 511 806 591 278 993 631 866 735 16 883 106 405 126 947 326 591 28 178 101 663 146 858 863 777 520 948 281 288 945 391 130 946 813 742 699 237 563 924 580 711 124 649 553 570 848 688 609 937 426 789 570 384 505 725 291 626 294 852 951 536 528 324 695 521 940 546 84 901 287 811 92 496 746 489 287 25 300 973 745 888 513 524 919 415 32 673 249 346 238 330 791 918 494 851 982 890 17 342 958 919 173 634 91 926 237 458 94 641 149 338 529 488 816 510 487 865 550 159 872 90 518 166 49 932 969 775 679 444 493 34 289 149 168 428 449 358 76 835 535 501 312 356 332 256 334 320 553 62 986 437 723 192 581 361 51 445 781 213 443 692 253 270 216 870 238 201 286 31 655 417 80 306 155 113 319 913 348 478 512 138 700 202 445 83 73 60 822 282 793 931 546 587 316 209 644 643 123 727 136 205 547 606 674 102 637 289 328 591 115 653 705 766 560 836 153 361 164 230 349 535 601 746 774 377 331 601 197 231 925 854 307 613 292 73 592 141 275 911 198 967 225 622 32 847 710 954 335 797 869 764 761 40 862 416 71 558 207 497 964 64 866 689 514 245 552 51 703 62 83 442 448 991 206 809 467 320 912 100 8 175 449 768 363 911 865 612 232 795 369 72 705 509 542 176 241 760 559 380 37 438 934 549 751 664 540 737 518 424 533 685 753 57 734 485 125 732 711 923 994 556 951 156 536 819 27 95 550 607 532 989 816 707 846 345 172 765 579 52 834 921 754 473 531 916 179 410 89 806 926 869 254 711 342 603 886 958 765 934 268 454 190 288 743 763 686 984 870 208 222 301 665 143 615 239 772 897 767 315 773 219 68 835 461 935 616 623 539 162 324 681 362 839 794 169 510 148 583 434 422 287 554 304 957 351 6 307 750 704 237 433 684 556 389 105 904 670 566 53 310 200 270 852 170 109 500 698 821 285 407 620 858 64 534 594 660 17 724 527 296 354 256 398 596 730 458 264 916 691 384 763 97 638 263 647 214 857 757 936 424 44 661 212 941 309 200 482 940 356 814 619 184 741 320 372 88 220 200 832 824 99 231 546 226 843 371 891 368 634 130 820 497 624 122 788 780 19 336 252 248 48 582 586 889 641 401 630 443 668 875 355 971 621 247 59 698 682 313 762 662 929 648 118 327 246 508 871 516 336 407 735 7 575 227 632 422 899 276 274 881 167 169 50 876 189 303 802 199 94 944 481 158 926 694 257 565 157 616 182 124 258 106 35 438 866 382 343 373 773 55 696 397 920 77 322 699 522 588 841 675 594 910 882 965 680 480 193 661 150 215 69 939 446 394 517 942 463 120 312 608 576 319 73 111 790 472 849 765 498 131 852 893 950 502 980 43 247 326 365 383 959 983 295 369 797 385 692 56 590 299 404 638 521 33 186 260 645 34 797 621 657 822 823 448 977 928 714 258 834 626 569 451 867 524 250 112 866 87 800 721 453 551 970 262 880 573 484 845 897 139 26 745 273 740 359 663 874 724 281 972 261 11 981 282 613 720 223 972 831 584 78 154 782 979 652 544 240 512 717 593 470 962 452 267 427 347 429 47 490 581 17 951 719 747 564 892 974 133 963
10
3 5 10 7 2 10 5 2 5 7
100
18 59 12 85 19 97 6 15 51 42 78 96 19 6 19 50 46 98 11 93 69 80 28 43 90 88 66 65 40 6 45 40 20 33 19 15 44 73 2 38 54 4 75 89 18 55 54 36 99 94 52 32 34 61 25 74 35 7 26 79 31 10 64 95 58 67 53 60 77 23 47 48 71 9 8 97 57 70 62 72 86 53 76 42 49 85 74 22 2 2 85 69 3 79 56 17 94 21 24 59
59
38 11 34 37 33 51 52 52 7 11 20 33 49 49 50 32 7 58 29 27 15 57 21 2 41 4 10 23 42 14 6 3 59 18 47 19 21 40 1 45 10 53 33 54 26 48 14 24 43 23 46 47 44 28 22 31 12 25 9
10
2 10 10 10 10 10 10 10 10 2
100
93 40 78 59 34 100 29 82 3 73 74 97 91 68 6 95 57 54 18 27 80 79 77 43 67 11 61 90 44 26 10 19 36 7 1 21 33 35 20 98 45 31 63 88 42 65 16 9 41 72 92 48 39 37 86 8 53 23 32 70 49 99 56 55 24 87 58 71 12 30 84 96 15 2 64 5 28 22 25 85 47 69 94 60 91 14 75 51 46 76 13 89 83 4 38 62 17 81 52 66
400
28 368 79 47 70 242 366 15 59 372 140 91 230 191 296 130 336 45 313 66 123 265 285 136 85 2 253 218 43 88 169 264 195 51 281 239 25 269 210 106 102 144 142 133 119 138 44 271 358 141 373 93 216 351 366 43 362 382 10 56 211 205 174 3 335 96 307 277 388 11 64 310 227 39 329 353 353 156 143 240 68 171 9 25 160 36 235 147 260 270 379 40 298 278 113 42 134 384 218 211 93 307 299 127 324 98 360 287 178 197 346 306 246 260 265 35 303 340 203 39 16 333 37 4 281 234 357 348 225 311 103 187 356 303 345 82 320 232 31 92 225 114 333 316 162 30 275 283 150 327 231 158 193 153 379 389 344 398 49 332 163 383 115 100 168 148 233 16 5 118 386 102 302 235 332 171 179 188 173 57 376 280 54 375 366 269 145 83 330 108 1 361 202 169 215 173 139 341 361 13 362 223 34 112 207 66 363 41 274 390 120 301 133 6 392 272 274 65 339 314 280 75 258 344 62 190 322 219 258 382 289 117 317 396 135 338 56 284 146 88 257 186 50 127 137 272 358 377 236 161 352 380 365 71 81 355 189 374 170 256 267 280 315 217 305 214 55 317 243 1 36 77 113 111 154 251 343 394 275 110 87 46 334 331 27 90 107 72 336 28 369 163 266 159 67 289 32 33 342 202 293 131 73 158 313 148 254 304 132 208 128 228 245 142 396 308 18 381 157 273 68 244 378 387 359 231 349 212 259 237 328 206 165 278 391 184 376 69 57 116 373 367 318 82 23 399 352 238 155 226 47 230 350 319 294 309 347 397 92 288 101 255 123 361 252 181 326 250 316 238 394 177 105 385 241 236 263 393 164 361 323 109 261 149 112 124 319 286 54 167 297 262 282 248 55 222 400 48 228 2
573
42 14 165 374 114 282 158 511 140 311 400 402 469 62 295 398 413 393 317 437 524 512 20 487 157 182 458 408 65 102 270 456 455 337 160 133 175 246 137 560 424 45 545 30 142 391 163 245 550 162 443 486 558 530 463 493 502 59 284 10 383 272 70 277 97 108 403 563 392 478 315 386 252 161 68 52 299 197 275 239 203 66 434 501 372 174 294 325 423 473 209 26 514 250 185 352 225 217 432 554 212 335 537 414 32 551 155 336 460 194 504 227 190 138 445 395 464 206 243 428 359 522 420 76 267 256 425 302 255 348 362 211 438 144 475 268 447 5 454 9 99 271 485 171 484 540 145 151 542 286 370 223 34 442 291 329 371 139 103 411 552 188 314 559 166 186 220 309 568 453 150 523 426 378 499 61 113 63 293 17 154 306 318 276 323 495 136 546 234 93 307 4 477 355 334 215 84 343 310 567 333 375 184 326 480 361 526 200 235 71 376 31 531 258 179 345 247 421 39 556 16 565 46 548 85 198 319 322 316 148 94 389 180 222 25 49 517 38 12 192 566 419 301 29 457 218 452 36 328 82 173 153 183 251 461 43 2 324 518 104 405 535 8 367 482 236 79 462 11 274 229 264 106 28 125 81 54 193 410 242 134 23 263 269 527 382 281 118 78 479 459 287 196 123 15 496 571 95 77 18 116 121 22 35 100 169 303 363 178 199 356 557 69 521 1 146 19 130 360 213 313 233 396 448 529 539 24 515 572 387 489 167 553 283 341 406 224 86 124 89 44 353 342 131 92 107 365 407 505 285 112 509 344 561 75 172 483 219 105 67 64 226 296 573 260 500 257 74 436 110 3 266 238 261 202 547 87 491 441 349 525 532 444 472 41 47 330 401 57 237 506 40 228 135 119 298 117 221 544 409 488 143 280 427 240 231 470 201 528 207 13 354 300 308 129 170 562 543 351 533 416 570 503 88 451 430 497 98 498 254 390 141 520 508 50 327 569 555 377 156 357 37 205 536 159 384 541 262 492 127 450 90 388 7 33 248 399 176 346 253 415 55 187 397 292 433 368 467 304 109 321 507 259 132 51 168 278 385 290 241 273 412 379 147 513 164 417 373 214 538 465 216 96 191 91 364 312 347 181 339 338 232 265 549 418 404 446 83 56 152 195 422 80 516 471 177 466 120 189 431 534 122 435 21 381 279 358 58 476 288 320 6 439 72 331 27 115 490 204 210 350 449 380 48 481 60 474 73 111 244 126 468 101 305 128 332 510 440 366 249 340 369 230 519 564 394 208 297 289 494 149 53 429
571
84 350 176 60 63 489 141 313 260 387 101 290 397 470 13 77 525 265 372 34 304 27 534 167 391 198 336 327 365 177 504 553 406 20 199 206 431 549 402 348 6 284 193 476 331 155 298 66 100 128 538 312 371 234 280 138 75 79 381 217 300 473 111 246 401 204 26 490 438 396 373 244 38 376 437 524 488 152 247 279 570 187 133 19 252 430 345 231 420 256 440 37 533 126 86 175 31 223 558 248 178 278 15 322 368 439 392 85 518 288 363 454 174 467 379 32 494 332 361 499 222 475 257 7 352 148 395 286 569 40 89 173 200 390 449 65 180 508 82 1 190 273 36 16 93 68 238 383 374 495 338 229 530 4 403 142 264 274 528 326 446 527 351 358 393 407 170 127 92 522 509 444 297 450 330 544 479 43 8 346 463 423 156 399 356 309 472 320 483 540 362 487 435 211 311 353 308 225 268 162 341 316 186 242 269 143 97 201 243 360 25 99 172 228 526 106 154 469 2 432 168 333 445 559 545 245 96 151 132 457 378 511 306 73 369 496 90 291 386 78 59 421 281 317 179 426 552 146 394 30 144 464 125 417 339 384 145 448 465 221 492 285 159 61 550 50 118 35 83 466 239 41 367 135 359 181 555 105 514 422 412 45 129 71 416 283 169 270 551 52 147 564 253 343 98 370 295 566 74 546 184 503 510 21 337 282 29 87 535 497 195 436 557 334 158 207 427 428 289 425 462 233 302 515 542 224 134 266 171 377 419 500 380 110 443 22 519 532 18 53 433 102 554 12 324 293 398 209 214 389 303 516 196 44 315 185 347 414 210 275 109 191 202 537 307 501 95 54 108 17 382 140 276 447 259 299 227 51 76 456 164 114 571 255 410 521 474 517 409 112 120 418 477 254 568 441 81 88 563 46 136 366 251 9 411 556 471 452 219 203 413 478 424 547 505 250 117 149 64 69 116 434 192 405 442 104 323 318 459 541 294 3 213 485 11 56 197 131 560 310 70 188 565 10 240 375 458 543 355 267 482 194 130 28 484 121 230 137 429 119 91 321 42 235 486 314 548 150 218 220 208 57 561 166 23 72 562 531 262 94 161 124 189 261 493 481 182 400 292 502 263 153 567 249 539 62 461 272 513 113 491 49 388 107 340 205 58 344 523 520 232 258 529 123 139 5 354 226 305 163 24 271 329 512 296 453 506 39 408 165 215 349 80 122 48 357 287 536 328 451 183 277 115 14 67 157 241 415 342 237 319 507 385 364 55 236 460 212 160 216 33 455 301 47 335 498 325 404 468 103 480
400
50 168 338 386 313 223 162 166 57 219 123 64 18 40 149 143 35 399 233 180 355 380 260 375 158 47 46 49 176 224 52 106 334 32 79 222 171 53 204 283 346 11 6 310 235 169 94 77 17 288 285 97 374 15 234 251 320 98 370 75 221 95 243 60 331 24 215 376 365 109 19 330 133 104 154 383 23 232 378 120 12 220 385 177 139 127 22 278 379 85 184 290 87 200 178 159 65 115 400 332 246 352 347 216 264 248 147 121 390 252 70 105 318 198 14 324 295 221 59 89 396 387 185 144 395 240 69 398 72 299 226 161 321 349 292 119 96 209 181 230 193 350 152 294 335 34 381 272 353 103 305 26 164 202 99 225 188 126 309 302 317 241 92 315 167 192 262 300 183 389 134 368 114 91 61 342 244 319 39 291 44 190 229 268 148 271 354 231 343 276 211 304 153 125 345 9 258 36 138 37 339 263 364 197 179 298 337 38 113 112 201 43 16 369 90 245 205 1 249 146 340 107 238 214 42 194 341 118 293 67 10 71 280 66 93 377 212 108 358 254 210 73 312 80 129 124 63 41 137 31 289 333 359 196 296 306 55 207 165 372 301 286 140 27 311 62 384 371 142 56 388 336 128 21 217 328 247 287 25 213 361 281 203 329 367 130 267 259 20 208 392 239 266 182 101 282 54 83 255 74 279 270 253 373 348 189 155 117 141 360 7 187 277 86 325 28 131 172 284 2 323 68 163 394 136 84 8 218 58 351 206 5 174 157 111 363 116 135 160 265 48 78 150 110 273 303 82 357 3 326 393 122 175 316 199 51 366 297 170 151 257 314 250 30 191 195 237 356 132 227 29 269 186 4 362 61 327 322 228 344 308 173 45 13 236 261 33 100 242 88 382 145 274 81 275 391 156 256 397 102
100
51 87 31 92 59 81 91 25 43 77 40 88 32 17 42 49 86 59 22 21 32 11 51 26 33 44 7 24 38 97 20 25 7 39 95 81 88 2 73 53 64 18 76 85 81 85 84 1 83 42 54 10 64 13 16 28 42 56 63 65 57 94 78 79 16 74 25 98 66 67 81 18 62 80 42 90 47 43 52 57 38 3 70 4 60 12 14 23 95 28 22 68 96 36 30 89 100 82 74 39
100
58 70 5 60 7 51 49 13 82 35 54 55 43 83 38 17 97 48 12 29 50 47 89 90 39 30 78 41 84 15 37 21 87 23 20 75 65 61 14 34 100 44 96 1 32 86 16 66 52 99 73 28 36 72 4 18 91 98 40 33 80 77 57 6 69 26 79 42 88 11 94 27 95 71 63 24 85 22 92 10 59 45 8 53 81 19 31 2 9 67 68 74 76 56 3 64 25 46 93 62
50
15 18 10 11 35 31 15 5 14 22 29 23 23 45 18 18 28 42 44 39 26 8 9 16 28 38 18 42 25 27 13 9 16 41 10 3 24 43 36 17 48 1 22 49 48 21 44 39 2 46
10
5 3 8 6 10 4 1 5 3 4
53
44 32 22 35 13 41 33 39 15 53 20 43 2 21 45 12 28 29 6 53 15 14 3 21 5 48 19 26 19 27 18 9 47 52 1 7 31 49 25 51 27 46 42 23 24 10 50 37 40 34 11 30 10
20
9 15 6 1 12 15 6 3 8 18 3 14 1 16 13 14 7 19 16 12
10
8 6 6 6 7 3 5 10 7 6
10
10 5 10 7 8 4 6 3 1 8
3
3 1 1
873
719 171 50 360 688 66 181 446 278 125 206 595 444 176 658 100 682 410 481 635 286 429 58 469 12 727 394 93 319 610 468 869 281 535 303 167 771 228 779 77 255 442 586 97 758 562 198 819 661 1 872 678 350 792 608 564 231 479 736 48 277 701 270 438 128 712 659 871 337 461 558 690 307 675 398 378 262 2 622 87 192 778 808 569 537 746 856 216 150 356 553 65 147 144 392 674 523 413 507 766 667 210 397 31 726 367 391 695 308 19 430 208 679 187 612 577 646 284 312 267 162 42 873 160 795 626 462 505 544 256 241 543 285 463 867 700 561 573 745 784 705 386 369 404 116 703 385 698 295 829 597 716 623 90 580 870 471 572 592 81 380 324 290 806 204 672 142 722 502 645 411 242 862 639 325 249 465 309 315 209 774 61 707 527 245 313 3 154 244 593 338 177 436 435 574 396 637 363 75 805 713 287 362 500 190 754 78 33 11 191 271 493 660 4 673 417 455 640 15 211 223 845 158 663 163 10 106 764 359 474 390 555 339 102 349 370 634 796 83 133 299 509 740 554 650 847 804 575 513 654 843 185 510 515 604 17 860 473 251 662 233 153 180 643 365 76 44 332 834 714 516 289 39 113 398 685 558 789 186 79 375 772 384 43 590 567 748 670 485 336 428 358 67 799 282 23 254 781 769 802 519 122 526 240 655 460 172 718 814 633 55 205 414 448 483 92 763 269 117 560 476 496 704 120 617 773 96 379 452 320 182 530 735 552 201 321 809 91 412 82 131 179 734 694 164 782 627 721 301 790 647 288 261 383 126 853 121 511 613 340 822 402 85 470 780 551 709 557 621 418 226 551 232 414 136 80 652 815 7 807 40 581 458 276 444 501 494 454 725 794 112 827 236 441 620 219 857 783 202 357 37 720 582 109 730 630 755 451 215 406 760 855 687 374 34 751 549 246 229 395 366 565 253 692 341 638 373 621 825 94 174 601 41 787 200 616 99 292 797 423 70 737 104 56 265 169 62 184 798 683 381 757 588 457 110 36 175 382 619 221 793 335 409 606 629 761 653 849 862 137 57 138 212 484 443 547 576 310 25 387 377 425 459 615 314 864 851 59 168 636 406 400 649 156 440 489 545 275 578 279 345 71 628 769 824 426 264 371 676 686 756 587 512 475 214 536 393 714 728 148 119 107 618 166 275 566 768 105 439 203 207 327 753 273 297 642 95 803 132 280 129 9 786 86 717 46 51 729 277 655 519 72 145 739 469 450 447 579 467 767 183 108 178 304 151 702 644 840 607 464 323 73 69 861 531 224 514 668 541 399 188 813 848 35 45 230 98 858 498 602 227 434 222 765 503 533 657 571 785 364 836 252 823 546 302 449 248 486 56 333 589 826 235 821 466 213 759 155 22 743 816 744 706 508 274 583 584 88 711 724 801 791 311 421 268 453 521 550 5 812 84 656 111 127 28 263 291 524 529 260 194 258 342 528 819 123 239 368 173 124 141 603 114 432 6 431 482 195 317 710 29 542 26 480 130 74 832 139 833 731 328 343 684 865 189 338 405 594 517 490 598 334 47 30 722 708 845 257 793 420 346 837 415 24 810 237 691 220 68 487 842 839 497 860 499 665 283 64 762 648 525 267 488 329 331 854 38 437 170 609 259 828 20 32 666 651 218 344 770 424 191 559 374 16 326 738 775 624 540 196 520 427 272 788 518 49 570 296 197 841 300 103 747 669 389 165 54 27 193 866 532 478 306 671 859 835 491 60 13 140 522 234 21 697 699 568 157 403 316 548 641 777 509 247 433 354 491 863 8 152 347 599 818 322 101 820 408 732 689 372 149 330 752 677 14 733 680 600 817 556 445 816 53 143 611 696 89 416 614 539 294 664 715 407 305 495 776 419 741 838 506 401 632 361 353 243 63 534 376 830 115 800 293 355 693 852 199 18 697 352 351 681 217 844 504 348 631 831 118 299 868 492 318
870
544 673 831 667 638 15 549 774 621 848 238 73 468 756 682 644 81 32 17 550 701 694 804 858 410 392 847 219 258 523 142 664 49 641 791 45 372 666 465 430 183 1 809 680 562 664 149 229 145 743 721 120 760 220 644 487 824 65 324 649 266 490 553 701 731 252 582 589 583 429 448 441 833 317 434 290 155 669 398 131 785 862 73 472 496 622 8 204 691 836 575 88 549 837 402 590 114 13 371 84 130 409 776 281 135 31 82 282 132 134 803 505 104 866 407 488 810 335 4 280 692 795 537 398 75 67 315 92 300 384 309 501 393 207 364 44 665 175 161 521 567 296 418 274 445 448 321 377 616 251 828 51 104 383 213 673 282 555 415 642 139 224 232 444 330 670 103 708 666 852 667 432 757 722 19 211 80 570 617 432 521 682 675 733 441 780 634 368 489 774 781 127 566 726 376 484 463 677 397 250 158 442 570 6 515 406 144 804 742 126 262 795 36 608 814 232 393 242 251 373 233 163 615 225 60 219 1 58 314 245 507 244 811 376 18 103 722 294 610 516 709 162 361 207 598 620 338 774 488 468 86 408 351 587 435 744 374 508 658 252 255 333 832 426 280 517 132 429 793 646 134 263 819 193 351 250 179 496 108 22 808 702 169 512 24 806 439 369 278 542 819 163 364 410 121 328 292 155 841 730 623 309 120 479 541 108 811 537 510 791 21 787 578 581 437 388 500 103 168 555 145 279 613 542 104 748 618 600 863 667 173 630 857 163 629 433 370 3 257 464 564 657 670 60 544 143 418 525 445 102 569 29 276 524 334 261 555 575 522 25 57 289 524 565 531 128 399 84 412 759 464 302 455 870 341 661 378 148 382 94 516 102 738 320 815 804 851 184 518 584 794 618 682 422 138 164 402 432 514 78 263 395 819 448 111 755 397 405 779 14 458 642 549 38 350 741 121 84 474 743 106 624 840 729 34 381 203 6 334 50 817 739 698 626 600 471 491 507 92 710 247 257 817 438 759 308 469 527 626 294 645 732 141 195 587 694 526 750 870 592 671 702 267 403 549 354 699 144 804 710 470 618 122 254 733 418 483 259 68 459 567 571 460 420 714 287 791 390 378 100 721 236 10 636 184 699 413 661 582 536 494 21 740 29 463 783 635 601 245 275 506 666 625 328 594 48 355 808 710 392 240 851 3 65 670 127 780 128 479 372 318 626 188 773 99 602 650 561 820 708 797 76 537 111 494 868 831 397 363 2 612 155 775 204 784 785 520 460 711 506 123 407 647 217 828 538 129 748 513 577 764 246 371 431 376 696 851 334 765 526 303 397 102 758 241 105 323 309 634 384 688 851 467 827 620 42 800 146 436 604 361 794 832 677 640 828 318 73 489 497 707 664 704 469 305 817 241 460 847 77 288 30 354 285 399 502 313 107 409 713 687 238 9 358 856 86 437 613 298 619 869 93 72 525 357 829 47 409 383 108 804 267 564 40 99 452 263 420 12 215 536 622 533 18 217 209 728 160 3 125 251 299 300 481 684 697 257 347 320 536 851 54 528 533 612 436 367 863 424 598 523 33 418 482 528 89 235 107 159 382 226 268 741 539 464 592 628 596 443 206 236 137 739 232 641 93 426 635 322 442 237 785 869 235 66 526 508 156 764 168 79 48 238 503 329 210 814 726 515 516 679 365 158 54 48 728 227 637 590 375 834 316 265 692 379 674 695 421 509 188 728 281 523 329 602 249 533 478 432 516 231 398 659 279 337 362 583 427 215 534 95 368 309 230 852 255 620 10 372 340 487 107 487 656 231 294 750 273 94 638 819 367 360 351 861 23 536 296 585 549 796 567 181 657 237 285 93 36 455 541 659 610 587 212 210 486 563 14 574 331 16 318 484 432 15 224 487 461 84 10 160 217 660 448 420 86 515 669 503 16 243 246 369 814 530 62 645 571 570 61 298 157 602 305 539 368 390 145 8 560
10
10 4 8 10 10 4 3 6 8 9
200
22 106 160 32 28 159 195 18 76 34 95 107 1 50 38 30 138 41 169 150 193 47 185 185 126 178 77 88 61 16 44 34 9 56 109 92 133 127 151 76 175 32 200 55 182 113 22 191 89 159 186 4 102 122 171 132 39 118 86 18 75 26 14 8 62 160 97 56 33 110 196 79 145 125 165 30 23 67 192 79 15 119 170 88 114 15 19 11 18 118 71 172 73 106 88 99 177 64 68 105 46 8 15 131 22 100 124 25 124 28 174 54 22 185 145 49 60 98 112 54 27 64 163 79 193 31 68 96 88 124 122 76 148 137 87 68 139 192 67 67 28 105 119 193 146 54 165 103 184 3 117 47 6 35 146 73 173 118 14 52 70 65 65 165 57 94 154 21 5 28 42 123 91 199 164 55 41 122 137 129 138 186 74 136 43 42 179 95 35 8 178 15 7 134 74 114 53 6 3 127
128
38 110 104 73 37 103 86 46 7 81 73 35 2 81 77 82 43 50 54 87 128 120 69 120 92 41 93 109 90 76 100 85 107 4 52 46 48 1 49 59 52 97 17 56 122 61 61 5 13 93 97 3 92 68 61 44 51 17 58 63 9 32 25 107 70 84 116 54 81 4 95 117 34 95 61 60 109 97 25 44 110 50 117 86 25 111 32 37 61 92 81 90 16 57 29 72 51 45 122 72 90 48 53 70 67 40 33 89 14 119 97 7 22 30 30 126 127 54 10 113 34 19 128 15 20 35 8 52
100
38 40 63 37 50 41 55 91 6 21 15 31 20 43 75 62 77 78 44 39 97 33 20 27 33 78 83 99 1 32 73 7 80 56 23 71 66 30 60 89 17 46 16 36 49 98 8 45 54 2 47 94 1 43 57 86 53 52 11 47 19 67 36 38 81 69 48 88 72 84 24 42 18 25 93 87 99 87 43 56 74 59 61 2 41 65 95 9 58 46 35 98 21 70 100 82 96 4 68 12
1000
770 160 442 983 843 562 994 824 124 529 739 638 60 411 684 153 571 586 989 219 635 788 16 181 996 89 188 695 738 615 154 606 852 719 467 776 957 898 18 5 214 900 815 559 113 293 685 622 605 913 206 461 706 137 669 118 613 428 445 260 574 771 601 235 262 412 282 72 757 337 126 251 816 856 565 332 149 371 131 424 907 312 582 814 978 636 973 83 479 866 534 956 392 322 895 496 541 484 176 202 981 14 43 820 338 625 476 580 385 652 369 527 483 756 885 268 570 318 65 450 21 86 217 233 633 172 336 74 330 302 55 405 307 108 924 174 487 762 594 269 438 272 775 418 705 729 58 523 860 751 906 12 2 505 653 163 122 470 421 910 533 928 413 839 342 688 132 697 547 120 772 585 395 863 191 216 694 766 510 19 15 587 593 435 165 778 161 927 515 67 313 921 306 364 404 530 934 194 829 779 73 920 451 581 143 539 434 391 917 865 731 823 678 801 454 767 841 190 607 682 651 376 107 379 45 827 244 464 734 211 938 689 166 232 102 456 972 743 419 525 782 552 324 387 175 935 270 106 223 544 333 641 658 634 975 672 207 25 254 990 432 596 875 290 648 264 402 500 513 162 556 129 644 800 447 482 192 386 380 466 963 855 125 614 186 889 343 28 724 225 91 603 498 64 948 283 488 980 349 168 797 795 481 880 362 984 699 848 115 459 840 182 196 666 444 929 495 643 542 94 760 215 316 47 253 796 142 846 494 44 535 912 599 348 11 92 351 258 491 33 674 93 201 99 780 40 359 372 130 640 675 310 819 732 146 575 528 758 730 955 396 468 66 884 469 514 656 919 381 874 566 375 486 867 727 899 970 95 506 85 374 826 259 458 205 243 195 946 437 589 354 474 76 649 414 490 813 271 103 872 471 733 828 69 346 183 463 116 667 949 54 626 561 286 242 671 240 88 679 394 742 668 210 465 61 703 968 584 595 398 878 728 20 252 962 417 902 478 63 591 220 931 393 455 896 416 911 10 850 519 654 489 326 908 916 773 538 408 311 144 964 6 971 803 59 473 721 793 526 600 38 748 520 8 740 847 890 415 41 267 798 504 915 765 370 430 903 590 62 339 171 204 741 134 109 35 953 301 110 36 289 864 792 501 735 722 718 317 292 579 951 327 790 475 236 557 933 995 991 564 720 650 261 429 941 677 493 577 940 256 882 340 676 537 399 548 768 549 692 597 397 624 388 90 693 992 838 701 105 100 681 725 157 321 786 226 560 686 213 750 918 610 303 178 1000 805 138 193 7 203 546 717 275 169 3 877 238 986 300 98 373 112 295 148 277 287 789 809 503 341 904 439 502 982 224 977 274 664 905 854 516 883 422 56 250 988 558 350 279 136 723 296 453 886 278 950 82 145 858 853 787 363 784 888 263 947 859 315 942 42 57 944 218 710 954 273 914 448 842 78 531 328 291 101 156 237 229 1 752 691 294 806 234 926 999 111 352 832 830 309 281 26 567 783 285 121 49 592 246 284 696 248 384 573 857 280 604 401 781 71 245 791 545 446 837 810 764 998 431 221 189 532 862 871 647 517 407 249 140 356 208 304 737 543 436 114 410 873 443 922 17 576 554 952 923 177 164 745 959 777 831 325 187 497 68 185 683 976 297 52 179 794 141 711 403 117 173 985 266 389 774 449 320 472 288 836 749 993 460 34 936 347 583 357 75 611 945 457 511 608 637 406 512 319 709 255 199 631 51 807 753 24 569 540 335 825 133 804 553 763 13 663 230 485 77 958 707 151 704 702 358 551 97 785 870 441 716 508 180 861 298 361 522 818 659 939 499 747 257 974 909 680 618 550 377 844 808 79 744 563 409 231 628 713 22 420 645 509 660 276 894 736 835 331 378 627 198 812 802 212 96 367 433 29 609 961 492 37 726 50 925 9 646 930 712 228 241 477 135 887 960 150 119 555 578 932 39 365 4 426 754 27 616 507 876 360 759 799 690 623 147 642 893 31 70 123 967 400 425 714 390 308 892 334 937 687 344 673 665 979 817 612 518 621 524 227 602 329 159 323 81 382 833 87 881 128 761 184 46 521 30 209 305 620 568 851 368 314 845 588 698 104 901 80 868 965 462 265 480 700 155 32 355 598 632 755 23 891 869 536 969 662 170 997 247 987 423 366 139 769 670 655 879 383 661 822 299 715 834 630 657 619 811 53 353 222 48 127 943 345 158 966 239 897 427 746 629 849 440 452 821 708 639 617 572 152 197 84 200 167
10
9 1 10 10 9 10 1 7 2 8
51
39 10 51 31 14 40 24 15 30 6 26 28 2 17 49 1 33 46 9 41 27 41 44 4 7 23 42 12 48 36 3 43 25 50 47 12 11 16 29 18 15 28 34 19 22 8 45 21 20 35 5
200
131 149 104 169 113 47 25 158 94 110 156 101 26 196 138 35 71 9 151 68 103 28 126 186 164 151 189 96 142 156 75 198 73 74 152 123 59 46 56 148 112 93 200 3 25 10 96 89 118 179 42 1 23 92 81 156 91 29 63 124 6 23 196 188 88 110 124 4 149 49 132 24 168 182 195 128 83 62 10 26 92 65 8 188 107 96 143 80 157 119 177 33 133 23 197 29 83 174 94 198 86 24 40 162 53 158 43 172 120 71 45 102 191 54 177 23 185 181 108 98 44 56 189 147 167 1 30 47 139 187 91 195 153 174 78 101 35 158 88 91 82 191 190 37 48 96 67 70 183 163 169 7 55 146 10 122 143 114 78 167 6 158 45 56 129 2 34 15 14 147 145 41 8 67 162 181 138 42 168 98 185 142 64 79 129 127 7 85 92 156 160 29 145 126 35 70 24 100 78 49
160
82 160 39 113 129 158 106 79 33 33 140 37 64 52 12 7 19 123 136 65 11 29 41 15 119 142 45 105 84 63 109 96 146 117 62 66 21 127 50 90 143 13 77 121 156 103 155 131 145 126 55 132 18 36 67 152 71 8 133 124 99 6 138 35 116 26 104 34 157 98 151 150 74 81 27 17 149 120 122 23 2 130 4 51 53 73 154 157 147 68 43 89 137 5 42 46 3 88 159 78 90 70 48 44 61 93 112 30 85 3 134 49 80 15 56 153 82 145 75 28 141 139 148 58 40 124 16 20 111 91 125 57 78 92 92 128 83 110 115 38 102 31 59 87 54 22 107 25 144 9 86 14 32 76 95 94 47 72 24 108
969
132 690 670 77 546 199 241 312 192 229 699 368 343 591 458 877 559 541 331 68 147 330 849 218 526 609 780 833 797 130 73 564 484 336 582 903 590 949 237 941 677 702 462 412 395 462 769 109 91 364 81 721 844 873 553 508 723 875 516 758 692 552 196 842 829 942 253 254 52 649 86 384 166 247 281 504 144 365 925 682 99 918 126 751 938 190 581 135 654 175 633 95 481 437 417 153 611 935 612 314 469 158 480 283 226 54 315 157 667 462 469 195 766 566 792 961 568 102 657 793 439 604 910 346 212 821 557 822 50 921 531 333 13 774 845 850 311 61 595 866 675 779 880 393 717 8 618 599 104 551 447 452 293 722 65 869 494 936 204 777 321 712 523 750 529 683 386 210 770 397 578 90 475 355 465 887 730 510 231 862 490 274 295 827 869 460 42 780 17 616 928 428 202 59 846 23 390 863 927 299 571 859 773 747 403 156 71 227 391 489 455 385 666 467 698 296 354 431 965 660 207 388 422 421 585 838 771 530 572 944 317 674 133 922 46 868 787 696 907 230 512 70 719 252 420 405 454 637 839 30 488 161 887 554 732 277 262 360 625 836 323 306 755 104 92 256 794 375 407 598 229 304 471 798 607 236 684 569 407 498 704 548 687 935 857 763 869 59 112 928 520 141 543 834 879 626 129 291 418 118 243 426 837 962 545 831 665 222 784 38 761 714 840 678 724 168 453 31 886 788 544 881 22 705 538 21 100 885 242 379 872 579 896 760 206 652 186 532 749 919 310 258 636 355 58 800 533 796 485 953 951 152 348 414 188 79 423 831 955 89 406 169 443 587 917 25 46 631 250 313 580 450 7 436 40 924 203 374 871 513 762 34 193 739 425 916 298 171 325 904 959 183 341 767 208 266 3 275 415 821 464 463 219 562 628 700 290 884 816 269 150 817 950 805 392 86 811 353 284 115 856 113 825 373 411 932 60 297 855 244 17 233 968 597 198 502 400 400 534 876 706 596 139 906 270 912 37 49 98 482 76 909 799 540 895 1 67 324 357 124 759 767 563 163 253 305 180 668 59 772 933 685 520 900 663 661 392 835 929 778 536 524 648 860 419 516 832 215 874 791 117 213 864 183 289 159 645 915 889 967 174 503 123 818 259 301 731 93 716 583 486 205 292 882 549 577 946 127 342 265 47 593 701 434 527 592 82 11 483 854 664 602 339 116 571 435 271 783 322 83 217 143 487 847 809 550 898 765 596 688 671 748 486 601 558 251 810 366 283 11 125 729 528 506 890 547 715 103 956 726 469 20 285 320 514 651 349 525 920 707 614 279 438 617 172 10 328 888 238 680 56 271 156 905 650 941 171 892 679 826 461 51 288 872 389 789 396 136 408 743 442 669 140 359 200 15 870 249 582 539 565 446 114 634 57 181 613 347 306 9 350 940 756 78 280 492 808 656 28 582 451 108 746 681 902 191 667 519 624 752 711 931 262 952 693 245 635 128 776 4 338 36 867 830 555 399 824 499 187 361 225 627 44 820 220 588 430 448 599 694 575 630 939 672 639 608 511 795 659 369 589 282 838 911 518 812 189 424 240 16 221 387 570 930 319 167 416 574 84 433 621 287 110 861 356 345 689 708 376 334 138 606 404 814 120 958 894 775 560 709 329 757 638 330 876 377 74 26 937 107 284 691 62 80 176 801 12 615 934 901 515 69 145 370 725 803 381 500 584 379 87 316 727 331 14 721 938 900 908 913 954 209 382 283 556 177 444 802 893 713 142 184 643 629 573 586 32 300 703 5 352 505 966 576 960 432 344 713 226 957 620 641 964 632 122 214 279 753 318 216 146 459 371 97 307 521 963 326 561 45 429 815 469 619 413 947 642 495 173 658 174 273 806 828 695 740 768 841 380 33 501 284 610 623 351 223 497 742 441 883 496 46 104 268 88 137 477 170 190 790 728 644 804 474 17 943 154 75 577 969 121 278 419 600 308 43 228 535 843 246 786 19 362 764 479 53 567 493 178 710 782 294 401 272 537 18 372 781 309 41 267 164 276 457 261 470 2 265 738 686 517 891 302 234 851 964 676 160 914 736 263 699 257 72 119 605 456 923 260 409 383 402 897 340 824 211 734 486 948 363 744 355 94 378 239 737 303 813 327 720 224 785 197 509 468 478 63 594 427 745 155 388 622 249 473 52 286 474 718
50
8 5 41 42 42 40 13 29 50 35 18 45 25 43 25 25 34 41 43 12 28 26 27 37 32 14 41 50 3 4 34 50 41 4 29 45 19 23 18 36 24 6 44 19 35 13 2 10 23 21
51
25 15 17 22 7 10 16 45 48 43 38 19 32 46 4 51 41 32 37 30 13 49 21 50 23 42 26 47 34 11 35 24 12 8 2 44 14 31 27 39 1 9 5 33 8 24 6 29 20 18 45
100
47 72 89 57 75 83 77 85 50 85 55 80 70 12 41 7 72 93 11 83 50 100 63 6 59 85 32 20 27 53 4 22 77 89 19 56 66 44 38 48 11 22 74 53 39 10 80 4 69 54 16 90 38 9 87 62 31 92 92 69 17 31 66 40 12 84 94 11 79 67 3 10 13 81 88 46 16 6 60 14 39 88 97 63 72 56 11 5 69 52 83 22 83 37 60 39 91 79 88 92
100
34 89 13 71 95 43 62 57 37 75 50 14 3 12 58 23 44 19 18 22 74 20 16 100 78 82 40 90 61 39 46 70 99 1 64 93 9 73 30 27 51 63 6 17 80 31 94 68 69 11 41 85 97 83 60 84 8 15 88 55 29 7 42 35 86 96 77 48 49 32 4 87 38 21 10 79 67 25 76 45 92 26 54 56 52 65 72 59 2 28 98 81 36 47 5 66 53 91 33 24
3
2 3 1
997
659 239 610 76 263 229 352 505 714 492 169 232 433 985 961 960 513 832 490 66 275 65 699 684 212 419 604 226 971 229 791 529 180 454 621 173 405 463 646 496 557 515 491 300 951 259 549 281 824 987 659 493 732 708 636 337 948 162 290 880 495 15 599 198 217 990 377 426 328 358 579 183 766 209 317 236 730 847 499 897 633 320 991 403 745 481 811 375 160 54 564 563 48 934 556 787 759 634 663 850 828 490 548 342 82 484 393 920 422 775 448 79 916 136 342 837 491 651 864 843 872 270 531 340 509 818 932 779 551 581 128 534 53 474 821 277 881 378 338 604 521 989 511 138 754 978 198 92 688 738 136 510 968 711 295 514 466 113 100 362 791 519 586 560 460 816 396 94 598 701 410 967 650 21 469 476 702 663 489 892 808 121 339 269 802 696 845 91 576 357 72 172 542 498 582 711 804 249 244 544 792 467 365 778 244 898 495 411 890 472 776 595 475 721 324 351 353 944 860 606 177 496 573 957 896 531 402 241 803 430 745 648 535 482 674 456 836 208 420 819 255 638 622 592 664 390 397 81 837 752 36 256 915 285 95 175 880 977 582 265 919 240 439 995 693 823 806 866 870 296 723 635 126 583 197 538 980 391 819 227 322 241 203 190 486 242 868 141 700 609 213 842 902 187 762 143 249 642 899 660 190 368 76 669 271 235 95 967 286 884 793 558 739 963 767 408 703 474 522 997 879 885 245 389 341 74 930 568 734 987 424 708 721 953 589 976 875 16 800 333 493 471 5 748 427 958 593 995 940 157 781 981 698 118 962 141 163 505 196 652 251 1 298 38 815 845 994 409 222 204 719 102 749 4 550 176 658 736 508 805 792 253 629 6 394 897 401 740 285 689 651 500 227 256 748 142 890 897 569 835 554 816 224 733 37 855 453 869 808 436 813 713 41 90 945 673 504 551 310 239 238 850 576 5 820 432 939 621 394 29 621 264 917 944 391 415 914 598 750 935 545 123 894 132 194 125 967 678 104 487 547 380 881 537 270 843 186 392 66 801 669 102 851 810 341 405 763 382 165 150 918 784 262 361 848 398 993 955 14 588 772 863 11 2 373 131 450 479 331 323 672 753 330 729 412 477 62 617 709 724 198 305 335 417 928 468 654 417 58 921 314 888 138 61 566 274 948 3 618 992 400 427 455 494 508 859 164 722 808 991 287 731 452 349 785 856 25 386 954 211 109 782 328 728 702 759 450 623 493 311 129 78 24 526 326 706 612 13 616 797 450 774 23 860 756 406 58 134 746 715 315 891 692 427 216 383 210 938 950 543 975 14 527 145 418 443 832 901 677 206 694 179 829 266 39 50 9 555 680 228 844 969 810 846 219 991 662 145 925 871 89 156 291 273 304 681 887 538 170 327 431 155 919 464 526 232 215 420 18 744 802 830 621 910 434 215 864 857 98 492 978 32 299 569 22 159 757 847 111 883 118 384 186 649 234 372 194 182 1 300 585 769 507 371 624 607 39 457 294 275 437 628 510 200 783 566 922 67 189 707 720 485 520 905 184 597 246 425 861 377 127 536 232 123 151 660 902 710 72 854 923 336 539 756 367 109 983 258 561 94 532 528 293 996 972 219 37 3 312 946 853 130 84 504 645 719 912 799 733 819 717 876 779 46 577 639 431 937 260 388 493 613 533 790 113 809 273 344 712 497 655 705 71 407 171 575 770 814 221 467 586 929 49 836 537 520 812 934 393 695 362 988 732 630 583 395 732 29 733 570 796 355 437 633 794 812 517 362 604 7 85 682 817 785 217 807 199 233 594 396 768 620 78 780 26 735 900 529 873 354 907 692 644 344 591 839 316 480 487 56 602 44 446 740 254 364 764 739 359 153 785 686 821 622 811 414 611 261 742 481 694 502 188 668 777 622 648 506 405 100 661 246 737 631 449 211 416 509 75 219 886 877 904 795 148 193 338 483 862 572 677 888 272 68 60 921 201 660 174 716 911 101 122 346 499 691 370 666 366 743 758 774 461 535 751 601 892 995 964 82 32 42 97 410 584 272 51 27 44 348 643 546 564 822 445 278 238 974 757 128 876 157 306 927 458 816 96 867 129 970 666 619 381 768 364 863 478 832 671 490 384 143 223 73 516 379 412 413 870 368 432 422 681 88 292 946 565 103 99 833 924 865 553 321 99 754 334 43 965 470 289 329 32 69 895 388 794 652 423 387 268 435 214 140 358 823 106 665 679 874 202 283 524 473 348 444 852
572
130 142 436 312 194 435 216 79 376 486 509 427 239 183 135 352 134 302 519 94 410 179 531 559 72 196 204 441 497 442 300 449 343 35 408 286 208 103 306 484 89 350 548 97 272 266 379 123 329 434 362 195 292 140 11 173 349 347 271 238 522 249 68 303 566 284 1 47 415 512 24 107 477 3 128 539 224 18 541 523 461 262 464 515 475 369 225 185 2 403 12 27 212 414 487 187 391 348 144 295 540 440 145 355 273 86 191 22 397 122 64 246 136 528 93 322 496 161 285 373 118 406 52 508 374 116 444 167 439 34 99 480 275 62 120 297 432 392 341 41 426 337 247 324 241 451 49 132 395 462 50 353 160 4 105 280 401 503 148 383 327 430 320 368 189 517 73 91 69 443 6 402 488 521 536 357 333 416 572 17 445 338 478 181 560 317 260 237 336 5 166 290 387 159 113 554 95 345 375 553 87 563 126 394 447 381 319 215 344 385 127 334 370 143 77 23 372 501 38 471 231 470 298 398 171 425 453 571 76 221 289 499 158 104 274 493 133 313 516 270 412 308 492 248 315 485 162 331 155 222 291 460 269 382 555 138 256 51 90 233 234 549 74 404 203 170 227 546 377 314 223 454 339 505 418 307 535 261 431 156 356 378 85 255 321 463 197 455 384 258 483 301 149 276 366 448 48 388 558 458 407 78 46 180 165 325 139 520 20 467 8 419 236 281 211 294 316 473 207 530 360 552 57 121 200 468 131 332 340 175 244 428 96 115 506 305 371 201 304 205 396 504 524 446 33 10 169 267 545 42 476 250 98 177 44 240 424 114 66 510 513 380 556 19 330 111 399 525 106 472 251 459 417 58 63 537 101 146 481 569 32 500 36 469 518 243 567 59 54 532 278 125 259 279 568 100 264 326 277 450 163 75 422 490 214 71 466 67 16 29 288 565 88 351 257 9 386 188 176 14 482 141 429 474 186 137 15 164 529 405 83 491 210 570 182 263 364 174 547 220 367 117 178 245 557 452 147 456 206 400 282 502 152 45 411 361 39 421 511 252 82 218 153 564 335 254 268 494 60 310 318 43 542 489 358 538 172 109 527 190 13 31 389 359 235 25 287 56 293 420 393 168 230 37 323 30 526 150 232 550 253 84 70 219 112 495 363 124 543 544 217 514 296 354 209 199 346 457 437 242 438 61 80 26 328 21 311 562 423 157 184 390 409 498 299 413 226 309 229 534 365 193 55 119 465 533 129 213 28 53 283 265 433 198 40 507 7 81 110 479 151 551 202 92 342 65 102 154 192 561 228 108
546
391 278 8 374 249 252 454 227 531 347 319 221 51 16 489 503 214 200 126 451 89 356 306 274 250 533 117 199 317 498 348 194 530 524 508 420 315 158 57 313 378 392 80 112 5 472 128 471 265 487 68 28 262 127 463 438 39 32 63 528 450 15 456 486 453 527 110 36 353 328 159 475 147 431 485 542 203 2 332 461 226 232 85 138 83 281 44 460 381 237 153 75 417 35 164 389 67 484 134 339 155 432 81 360 397 289 91 375 440 412 228 267 161 299 405 314 38 20 511 410 523 398 543 474 176 192 157 47 350 344 150 125 260 205 308 534 327 436 92 225 104 247 40 64 532 380 401 490 468 400 481 291 403 406 108 365 52 24 234 309 383 140 152 163 73 182 173 386 385 135 197 505 343 49 254 198 298 482 393 358 407 70 190 322 17 239 87 259 425 515 272 470 261 399 240 11 201 132 54 204 171 93 330 115 251 1 510 338 290 536 177 466 211 102 409 280 31 538 286 382 266 297 183 415 479 446 248 522 148 499 76 429 9 324 497 455 294 244 160 469 111 320 367 275 496 302 191 223 292 6 196 307 144 184 74 507 107 109 413 133 26 491 43 121 372 12 55 56 529 178 368 238 318 245 371 207 229 106 7 273 53 45 387 502 94 519 143 69 34 444 129 193 186 61 218 540 349 130 504 480 541 246 495 476 208 162 25 539 329 206 512 341 404 500 441 430 325 216 119 493 419 209 101 459 65 364 521 390 293 59 139 295 546 105 535 331 271 146 311 355 288 462 167 213 231 411 488 427 77 95 494 445 312 402 336 544 60 62 165 269 422 478 142 97 457 166 366 82 304 352 509 235 369 395 323 3 443 326 180 21 50 435 361 236 518 217 526 449 300 243 149 33 185 442 276 256 477 416 418 516 210 334 257 18 287 154 181 131 215 437 346 41 362 337 363 113 124 452 296 279 220 423 377 72 29 501 253 78 414 545 255 179 285 123 14 195 58 520 141 258 86 506 122 175 492 525 23 13 458 103 447 120 98 333 514 408 156 233 71 283 188 342 187 100 359 376 84 310 30 116 27 46 428 284 303 189 483 263 118 96 4 434 242 373 340 136 305 354 379 277 169 66 10 301 424 48 145 467 230 19 426 202 421 513 42 394 433 396 224 517 99 464 114 384 212 222 151 37 219 268 137 241 264 22 90 88 370 357 439 335 388 174 282 168 172 465 321 79 170 537 351 345 270 473 316 448
53
30 20 37 35 4 21 33 7 44 27 10 46 53 11 36 2 16 6 15 2 5 29 24 13 30 9 19 8 34 34 18 1 37 32 25 3 48 51 33 38 12 50 28 52 40 47 17 39 23 26 43 22 20
53
44 13 30 40 14 5 52 2 48 47 43 6 20 46 9 33 24 36 34 10 33 37 42 28 27 31 11 48 5 22 21 17 19 21 39 50 29 16 38 15 35 45 1 26 41 6 53 28 4 32 3 51 12
1000
416 670 645 535 811 175 707 597 74 549 903 97 801 937 290 579 499 168 414 686 112 131 729 735 1 957 903 392 522 406 210 195 611 823 78 108 321 83 338 488 423 842 591 326 861 208 866 17 463 485 700 551 239 909 379 289 359 293 629 225 500 731 793 653 336 637 937 531 758 821 615 233 854 696 919 219 674 694 425 229 613 133 100 936 160 935 184 21 561 140 846 676 66 311 574 808 433 238 328 406 622 145 541 824 244 333 409 794 47 769 930 452 110 419 969 877 190 694 553 781 736 858 780 847 847 742 447 481 902 409 893 417 33 93 191 170 381 441 825 655 431 602 19 796 199 242 930 774 805 7 410 953 63 693 936 633 446 322 459 595 304 517 241 806 87 580 738 271 871 70 247 552 471 756 355 196 991 340 576 911 400 302 22 556 987 356 487 232 182 795 390 255 573 489 592 24 576 345 376 177 482 610 296 132 298 626 477 64 758 656 689 442 77 771 92 81 540 804 122 363 888 126 960 883 461 815 590 257 480 25 484 59 172 167 305 601 523 925 913 756 163 288 391 891 978 277 755 138 429 438 746 922 879 212 171 489 714 141 872 181 796 639 835 468 472 301 947 754 738 726 437 419 268 80 626 499 577 38 533 542 202 249 261 462 337 852 388 746 951 49 205 572 496 213 900 397 405 609 519 358 831 34 932 39 380 981 760 50 411 486 14 473 29 880 212 547 189 364 174 3 672 614 820 294 634 149 421 845 536 246 233 260 250 31 851 297 44 752 552 324 23 98 610 492 686 292 155 608 976 914 348 893 772 439 968 618 818 509 506 177 290 622 72 417 508 312 190 412 97 453 48 454 792 948 741 904 988 889 850 457 538 593 616 332 305 695 224 105 329 455 43 265 33 782 529 402 37 334 87 765 826 307 700 962 787 828 671 264 643 657 204 619 129 68 432 51 715 500 215 232 641 797 564 113 740 822 965 757 606 708 159 651 568 125 18 758 816 764 630 197 227 192 901 515 106 803 299 718 995 517 389 274 554 76 877 487 256 366 123 596 161 663 193 543 557 441 958 739 282 939 644 104 809 413 625 582 954 167 187 88 870 511 174 440 642 368 384 354 534 378 912 658 157 665 258 588 737 722 316 970 870 778 137 165 631 392 143 570 881 111 659 942 736 914 490 744 798 918 444 395 791 65 834 130 941 175 880 183 483 544 349 133 424 545 36 827 42 408 844 146 186 351 284 484 385 420 984 787 980 4 814 539 5 467 236 525 550 712 865 530 747 560 387 701 989 7 801 728 753 79 432 458 156 303 201 562 248 337 600 725 661 660 504 498 262 207 207 53 620 246 697 829 508 280 685 859 817 961 142 886 253 99 341 815 124 849 91 790 46 649 41 488 533 296 349 931 840 52 683 106 497 185 600 28 788 469 505 146 843 173 430 586 15 912 646 280 54 382 6 157 632 69 353 40 786 952 909 836 270 958 802 762 918 15 946 709 426 571 237 198 308 584 89 737 914 783 225 169 486 58 410 673 322 513 535 950 979 234 928 894 370 373 516 427 120 666 973 723 724 664 344 682 919 599 931 678 150 538 786 222 82 777 953 134 141 956 243 176 992 528 140 884 371 214 502 999 933 358 325 379 555 807 73 117 923 266 784 221 799 188 565 603 289 470 505 340 273 938 503 638 640 230 282 310 559 115 464 875 717 995 110 667 648 377 254 323 901 581 589 510 620 710 263 759 456 869 719 515 216 809 574 745 677 569 812 680 949 309 697 495 27 811 905 774 38 993 313 166 944 917 404 119 494 465 942 851 915 135 428 70 862 691 789 320 295 460 927 153 346 683 692 134 572 103 272 598 422 623 703 520 362 899 748 57 475 878 10 990 300 543 343 495 896 860 164 956 468 374 687 481 741 668 223 220 78 975 876 734 206 898 62 551 108 617 12 885 525 427 763 201 13 733 211 679 130 154 149 389 287 688 776 961 278 860 26 563 162 597 177 681 32 585 605 869 806 749 984 855 447 684 712 587 652 42 221 839 355 607 908 578 603 935 85 838 582 1000 658 407 775 826 734 61 929 96 401 750 594 205 252 10 212 955 825 218 413 173 716 998 58 306 521 228 357 916 342 180 864 9 347 714 583 863 975 841 627 819 948 102 986 226 45 777 982 327 47 727 182 314 548 546 435 994 635 680 372 407 39 882 217 767 638 462 934 94 55 507 825 635 398 451 402 90 893 713 645 245 136 690 283 873 721 979 924 386 896 636 160 94 662 807
996
793 127 910 291 422 789 17 906 501 499 772 735 351 964 430 205 16 182 140 261 171 765 654 140 852 764 82 762 60 26 495 953 949 862 282 57 170 590 894 996 262 463 909 448 313 186 46 50 590 708 115 270 622 883 652 707 162 237 630 936 467 660 75 762 853 954 896 791 728 177 916 464 252 891 176 984 727 769 893 722 933 644 580 771 948 861 131 24 785 759 391 571 154 48 103 980 300 740 947 720 921 988 557 714 912 562 703 917 69 102 599 152 545 353 224 538 315 367 647 241 263 13 200 488 491 115 2 840 629 303 404 145 619 451 974 622 326 761 460 2 661 499 178 4 152 782 62 415 226 205 658 948 334 259 878 285 289 196 7 582 895 244 446 899 35 518 187 650 767 788 429 255 895 333 476 525 133 627 729 143 71 983 767 405 655 900 171 148 312 824 151 593 401 800 101 698 311 79 779 991 947 641 84 412 150 168 836 697 146 974 486 579 840 115 223 596 784 524 835 193 527 683 944 373 928 203 15 627 324 291 803 328 355 913 529 214 959 497 44 721 749 78 383 982 151 608 661 108 704 348 120 798 844 938 595 433 887 378 856 577 194 155 628 985 551 537 174 213 961 618 665 484 43 197 715 788 309 330 425 996 931 620 124 166 707 64 168 108 617 502 105 739 206 829 248 248 123 393 736 457 980 244 220 934 76 234 920 283 382 818 111 360 613 581 555 645 606 209 806 369 655 336 230 410 156 455 562 323 886 418 309 692 232 153 285 583 729 496 881 781 807 23 796 827 486 734 212 117 287 595 926 118 500 705 204 820 432 543 5 554 60 434 580 709 295 241 77 733 320 603 130 41 563 837 578 98 314 756 637 966 597 449 682 566 240 409 809 9 799 541 347 344 298 272 643 312 330 309 783 199 799 983 267 419 572 95 277 379 593 475 34 406 791 731 225 256 946 610 25 952 673 320 56 152 633 536 341 626 598 530 636 812 593 75 512 549 885 972 826 217 566 238 490 89 525 546 150 533 986 512 945 338 390 87 775 474 216 523 393 11 542 923 461 96 167 827 815 425 576 642 257 868 804 395 426 294 176 721 338 198 691 762 197 837 125 848 725 124 911 481 61 674 828 886 625 45 472 390 474 766 740 616 786 835 511 920 876 573 600 771 951 990 760 521 280 90 162 780 735 388 454 273 384 573 329 668 826 54 40 443 367 640 667 468 292 386 400 50 335 246 716 369 243 951 716 747 377 266 268 422 535 18 562 252 801 634 615 979 364 438 6 327 184 228 684 721 439 907 150 308 569 625 34 777 345 635 342 473 161 38 875 647 729 47 408 574 38 824 453 49 758 814 409 157 742 394 843 305 111 955 681 20 516 259 170 992 685 281 217 983 478 657 814 397 504 849 666 318 683 963 902 614 544 980 572 229 178 263 116 253 583 586 833 711 233 147 106 942 52 340 59 282 49 852 866 821 971 345 880 202 870 427 568 818 889 696 523 99 819 612 221 895 797 418 645 137 72 24 686 149 659 125 908 275 671 165 993 591 463 664 229 68 679 452 440 678 399 74 842 585 778 960 437 873 688 930 939 924 867 226 388 945 234 739 227 599 488 806 388 904 356 399 816 27 14 894 95 421 859 469 566 695 727 186 630 199 363 175 301 790 833 391 332 940 669 855 160 114 925 501 156 325 295 455 298 321 12 706 109 132 730 850 548 897 166 231 872 839 811 485 141 670 714 745 550 163 761 183 242 830 86 850 879 361 943 117 21 306 349 607 297 946 334 434 748 357 725 104 813 699 110 897 506 987 853 164 820 269 93 882 91 968 760 738 308 564 602 868 719 534 677 816 180 32 130 366 693 376 159 532 938 276 89 950 952 527 746 668 757 345 393 214 628 827 556 690 594 493 656 975 327 271 540 877 750 153 133 274 480 153 524 25 718 191 584 674 17 871 902 180 86 730 298 444 830 134 188 919 768 436 927 733 36 753 331 127 67 552 933 655 450 358 874 535 30 189 503 582 841 122 359 365 256 712 586 851 442 244 614 792 720 263 434 169 677 98 810 31 235 364 845 299 304 522 570 959 339 563 354 375 639 676 514 915 385 914 135 117 335 378 195 540 208 981 25 92 248 838 892 361 961 121 890 528 565 97 631 459 864 559 10 184 737 637 17 599 226 807 317 755 901 775 507 381 426 788 840 471 55 982 215 139 26 370 861 173 387 689 977 301 969 1 610 802 792 773 561 547 418 694 858 567 403 750 575 689
1000
745 698 671 695 606 49 265 101 823 291 717 700 361 417 43 535 342 625 705 576 980 879 882 965 953 426 773 928 308 941 290 100 660 356 479 194 662 603 253 75 715 446 409 676 919 767 887 653 607 281 538 615 874 819 263 418 971 772 577 164 241 447 473 443 743 256 649 187 628 377 508 138 476 886 40 343 371 474 548 952 771 141 945 899 109 796 732 735 987 858 593 310 747 857 891 248 567 295 226 32 519 251 287 960 600 614 927 504 85 17 726 539 556 856 325 500 665 434 898 147 875 413 968 428 981 912 131 393 880 638 303 297 595 441 694 380 304 72 626 449 437 383 302 761 655 269 24 933 533 350 635 496 844 957 575 355 896 940 648 433 936 489 255 60 550 988 249 532 286 769 412 401 795 929 456 213 419 410 523 70 799 568 872 212 158 315 696 503 750 907 87 541 518 36 457 520 344 672 416 207 329 601 495 231 18 729 200 803 421 864 589 429 176 850 307 118 261 784 414 764 160 225 313 511 222 524 709 785 728 627 204 96 129 237 387 737 234 327 330 553 497 280 366 923 664 384 813 542 167 425 296 746 39 833 860 66 482 854 666 986 247 29 55 646 431 674 814 454 146 842 300 581 565 621 114 464 683 5 455 92 517 924 427 885 935 169 103 216 877 31 10 501 529 970 98 597 480 839 916 530 543 143 788 137 978 390 215 50 969 805 450 217 223 650 186 583 903 902 830 560 744 670 592 12 115 157 869 498 270 871 184 727 706 358 481 580 314 289 855 1 629 370 140 979 333 588 572 938 859 687 710 499 809 526 156 34 867 334 175 751 13 947 909 564 723 243 602 540 704 332 77 42 837 807 930 439 367 669 119 136 838 808 142 488 423 702 678 391 435 125 617 893 613 460 949 276 586 997 37 521 951 934 963 244 462 690 890 679 51 379 463 171 122 832 458 634 14 179 177 668 209 547 385 777 250 26 15 399 720 766 192 397 172 920 45 245 105 861 239 382 134 699 724 345 793 324 62 372 862 563 983 159 275 268 279 27 195 415 631 47 883 405 444 168 611 506 739 620 562 998 16 993 730 78 810 73 618 403 35 404 639 892 516 320 494 900 61 610 725 787 233 170 921 485 203 152 197 328 352 116 711 759 188 824 582 466 703 71 643 681 224 776 778 346 448 483 347 193 868 196 400 757 815 797 242 354 835 853 293 338 278 515 149 110 866 605 691 288 173 368 359 806 375 977 713 133 422 79 712 165 180 411 240 336 821 113 675 804 990 574 594 469 721 364 273 471 97 182 765 884 191 64 873 831 155 20 783 944 636 736 272 505 316 722 973 914 609 608 211 931 976 323 91 561 484 760 283 657 786 120 202 918 38 718 536 406 741 285 587 453 465 818 252 106 52 205 124 22 895 468 274 881 989 740 19 151 235 69 995 551 459 897 922 7 150 579 748 130 264 820 246 685 162 961 23 467 974 673 991 630 825 958 48 93 145 800 598 733 962 33 889 905 514 849 117 185 754 975 378 612 262 198 112 266 557 44 840 829 408 812 510 967 277 571 199 811 937 566 68 834 54 742 4 135 6 926 870 2 442 440 752 386 507 369 959 863 684 939 227 351 90 549 604 950 41 232 11 780 910 292 102 584 365 509 128 111 590 229 206 331 966 716 436 843 88 522 236 801 452 624 389 692 311 321 492 420 201 637 955 189 360 701 841 667 894 816 486 221 258 846 144 848 985 220 552 341 546 794 659 309 81 58 770 911 792 512 424 513 901 714 908 388 82 218 228 599 490 139 688 817 230 775 445 478 163 86 56 641 913 656 738 994 208 758 394 487 374 798 353 475 686 680 658 267 318 756 790 558 984 640 555 954 9 791 651 992 396 782 294 319 214 948 254 166 527 663 373 381 298 677 753 8 734 153 964 851 852 762 282 317 749 847 340 132 545 789 94 59 349 693 80 502 878 210 326 219 768 596 76 697 127 183 573 53 121 65 491 271 174 534 622 257 461 570 284 357 996 925 661 407 95 99 392 755 619 238 632 917 432 84 779 438 161 946 836 1000 190 781 363 719 774 126 259 642 982 299 46 74 956 972 493 623 876 322 888 181 107 28 67 335 633 3 148 402 306 616 943 348 708 999 30 301 645 578 83 904 362 178 395 932 942 63 25 339 312 477 154 652 537 104 644 554 559 845 827 731 682 123 430 654 57 337 585 647 376 591 544 305 108 21 822 915 451 472 763 260 89 828 528 569 531 826 865 802 689 707 398 470 525 906
101
38 43 95 57 68 34 41 55 84 97 20 99 70 74 87 5 15 35 62 14 40 11 18 93 9 51 48 16 89 73 23 22 46 92 45 53 46 19 28 76 6 59 65 71 12 37 100 88 22 15 37 85 21 22 4 90 81 25 39 34 8 82 80 83 30 77 7 1 94 69 90 80 67 26 19 98 64 31 96 66 91 27 2 101 58 28 56 10 50 47 3 49 52 78 29 61 24 42 36 72 79
10
3 1 7 1 2 1 4 2 7 4
10
9 3 8 3 6 8 1 10 8 1
20
19 5 17 18 1 4 14 2 10 19 5 11 3 13 1 18 3 1 12 3
320
198 101 39 149 240 210 189 2 250 99 83 123 21 161 30 146 155 238 66 9 206 248 4 202 118 310 50 190 71 47 239 112 82 116 257 207 215 136 293 15 210 224 221 179 73 3 242 184 283 308 219 128 233 103 100 312 277 270 87 229 150 269 157 279 285 207 307 43 24 125 188 69 77 96 191 277 85 34 165 307 58 92 298 139 156 95 259 92 244 228 141 241 11 140 214 204 301 172 257 173 119 42 78 62 251 232 149 194 318 280 51 235 235 107 6 123 282 177 201 310 240 144 22 46 56 188 99 254 227 212 82 55 53 78 302 193 76 153 286 91 32 281 2 126 229 219 90 186 278 287 168 303 174 135 53 24 234 120 183 237 275 297 259 93 40 285 228 97 63 95 95 193 215 145 262 311 94 255 162 163 195 110 53 68 289 62 149 223 164 267 46 44 65 291 308 47 54 84 205 292 81 109 24 110 45 89 25 309 282 90 290 76 290 304 175 278 21 265 213 76 115 306 74 256 49 297 258 273 252 156 292 197 208 13 64 169 108 63 241 80 148 102 14 7 106 157 61 200 106 192 132 249 118 289 65 266 151 199 154 19 170 178 231 175 260 28 86 319 5 152 17 289 282 88 122 56 198 8 26 10 96 212 169 120 75 48 16 265 247 271 23 153 296 2 258 105 82 225 260 133 161 295 319 79 32 163 20 30 128 299 12 49 2 266 12 98 126 306 237 149
873
107 203 38 91 442 92 569 297 272 751 801 771 685 167 374 346 666 288 745 828 369 171 703 164 728 250 719 427 68 591 60 752 734 312 799 29 85 411 401 532 516 72 633 148 117 592 338 477 698 763 156 316 831 256 753 585 280 381 523 738 174 525 736 447 20 120 651 99 637 544 44 408 832 244 852 80 320 858 534 166 702 202 490 454 116 850 22 197 732 419 36 293 780 800 188 484 870 673 770 135 327 94 619 204 448 672 534 322 567 624 587 237 597 618 491 56 75 588 323 299 342 501 417 782 33 169 741 837 826 336 242 51 240 132 16 772 697 151 440 113 589 7 871 122 133 778 570 370 868 459 353 853 403 226 713 362 84 549 193 255 400 699 227 234 157 716 683 393 547 474 686 611 276 291 473 55 807 583 640 147 309 32 422 722 865 512 57 510 102 292 727 78 358 560 337 449 746 834 184 106 508 731 546 236 596 382 805 251 577 179 79 47 854 788 211 54 296 765 749 497 563 480 221 691 384 425 615 798 820 572 361 111 524 711 224 460 627 58 394 27 121 548 209 158 343 735 680 847 81 311 726 564 307 873 214 196 86 317 811 481 123 15 605 464 391 63 872 714 189 507 108 533 37 446 42 568 118 451 840 283 573 664 98 742 261 859 468 229 580 803 13 263 617 656 738 9 1 715 658 290 333 65 348 829 126 386 208 93 642 676 717 610 670 696 530 140 755 737 349 416 175 595 861 163 750 647 463 601 405 789 145 34 218 152 500 841 246 604 682 373 804 687 130 372 584 531 399 467 458 385 31 247 547 5 357 304 845 769 3 850 607 817 764 796 279 606 380 598 379 254 441 52 303 836 759 201 112 621 608 43 277 409 576 448 195 846 653 194 281 517 73 709 668 522 387 632 660 306 774 266 50 259 689 225 483 493 578 844 86 87 626 777 701 793 787 639 695 566 535 860 223 707 839 725 48 375 26 579 614 352 262 14 190 181 248 795 12 582 455 594 562 88 761 334 128 213 551 119 302 267 478 856 355 149 669 536 835 762 792 17 809 377 97 90 690 273 354 339 431 329 852 602 40 406 802 675 776 643 243 628 688 824 109 28 555 138 450 363 429 785 602 854 83 340 19 170 39 407 154 866 66 590 677 356 271 558 351 461 472 652 665 784 10 264 620 345 775 392 207 539 557 625 4 452 313 486 24 308 790 814 794 504 729 216 125 654 833 165 492 4 233 495 435 521 629 657 400 511 631 786 744 634 423 91 74 528 649 433 785 365 141 396 204 552 509 205 178 825 808 515 526 404 230 623 376 269 456 21 706 671 96 413 586 768 537 700 77 378 527 347 469 432 344 529 540 783 812 232 646 285 519 114 723 678 496 159 286 641 684 95 485 822 326 818 289 635 103 550 144 421 488 538 756 146 222 438 257 114 571 59 274 41 212 206 857 815 821 581 295 398 609 371 518 806 191 720 131 76 663 758 502 559 661 236 298 350 426 305 216 278 498 667 674 648 253 487 172 62 760 136 864 414 25 364 863 428 730 825 137 867 187 616 241 457 653 160 462 645 301 219 757 185 436 848 231 359 161 332 434 810 471 238 49 479 819 613 110 694 721 554 328 704 11 70 124 712 115 389 599 142 849 830 252 754 330 622 813 520 748 791 662 198 402 199 710 475 331 657 494 61 636 430 747 445 869 341 855 200 718 265 300 314 173 168 593 217 18 553 612 561 506 186 321 384 740 767 862 178 390 275 35 773 851 268 805 470 453 489 182 513 2 228 325 395 559 388 567 499 153 45 681 67 366 600 213 176 260 215 180 692 127 420 360 574 746 134 53 105 693 838 514 679 192 64 543 239 476 368 249 630 465 183 71 823 150 565 655 210 104 575 69 545 101 177 724 816 505 410 235 245 638 367 335 650 294 827 781 842 568 100 685 310 556 733 708 397 659 270 603 418 89 23 129 287 8 739 319 75 437 415 383 542 139
144
65 38 111 82 42 133 23 122 50 131 129 28 72 138 113 17 31 127 141 69 41 105 137 36 96 70 53 12 59 54 21 123 125 71 119 124 26 62 22 130 128 28 79 132 63 117 100 97 60 140 9 129 15 30 3 54 99 70 103 136 6 120 116 98 122 11 132 18 20 82 30 33 75 104 73 26 51 131 100 95 34 4 26 43 3 130 14 105 93 101 118 144 81 112 143 48 73 57 57 79 59 122 66 74 117 129 116 27 25 125 99 117 109 128 99 100 24 19 80 56 144 87 40 36 110 14 49 114 124 86 10 55 5 129 78 13 91 57 68 12 32 14 16 116
320
56 89 248 80 265 102 66 67 204 320 247 87 84 10 61 312 76 34 1 32 158 55 182 10 312 303 94 195 156 304 215 98 165 105 299 256 178 189 142 55 60 24 95 169 211 210 20 125 236 153 80 35 213 77 274 220 28 230 306 131 258 225 95 213 254 121 29 216 100 93 166 107 93 170 39 295 21 127 60 136 229 235 318 287 276 230 107 95 248 60 8 153 169 302 263 307 313 92 237 19 105 208 91 256 260 200 256 34 129 40 260 150 63 28 312 146 75 292 206 121 296 109 33 114 231 91 151 205 21 304 285 150 285 257 268 56 235 162 135 133 15 180 129 291 146 162 167 211 69 178 54 18 176 106 19 166 264 30 152 147 229 121 151 30 116 47 134 40 170 107 43 117 114 101 79 156 102 25 256 183 19 72 101 95 307 293 166 279 212 18 117 116 167 262 242 2 19 297 179 160 118 165 312 122 271 302 303 206 243 224 180 211 69 122 31 68 207 86 275 247 13 208 23 91 6 242 118 160 42 125 37 183 229 143 110 57 149 192 131 124 253 15 197 142 112 260 237 310 187 263 140 200 310 311 156 201 238 315 204 117 243 57 264 225 41 178 237 283 22 10 230 110 249 42 247 210 250 198 286 74 96 76 97 69 241 23 221 303 62 304 316 70 79 265 129 134 55 270 198 31 308 43 225 78 241 134 25 293 213 186 290 205 135 38 173 37 240 107 297 278
100
73 63 20 28 89 79 61 63 24 1 39 85 3 69 54 13 83 31 78 3 38 6 85 33 42 46 73 4 93 3 60 15 74 90 17 69 59 4 93 31 84 25 51 66 84 14 100 39 58 65 25 84 58 90 5 39 7 64 37 52 85 57 92 98 81 42 25 81 36 63 36 62 1 9 57 89 5 28 14 27 38 51 29 52 61 46 56 92 5 98 52 63 39 61 60 20 30 64 13 25
980
723 426 182 748 628 583 370 606 301 755 333 659 450 511 509 832 38 234 681 452 774 931 447 436 363 464 135 727 766 585 274 685 149 562 325 872 114 869 915 629 286 861 364 642 525 201 848 638 884 535 419 199 655 241 148 42 244 481 903 595 790 596 487 171 383 343 956 110 786 739 640 178 895 517 252 645 413 594 417 727 472 349 565 775 620 396 867 63 634 630 636 686 436 794 355 588 261 392 833 959 940 371 104 921 626 499 561 527 767 173 338 69 431 729 321 866 698 133 787 25 134 14 933 859 741 574 489 621 441 486 512 550 97 822 416 369 655 625 391 747 476 725 51 348 152 648 467 47 438 641 914 495 571 847 574 307 575 224 99 365 302 409 284 713 790 1 59 259 738 768 505 196 623 938 354 697 977 226 602 780 377 906 94 579 280 810 907 874 31 941 502 243 458 597 902 79 961 259 214 826 812 559 73 384 688 715 291 486 359 144 344 215 553 714 5 605 746 58 287 917 240 530 136 378 197 118 573 108 94 404 901 326 564 346 864 973 147 442 368 72 204 975 556 900 801 20 613 92 323 194 451 12 167 691 656 814 489 944 758 761 273 664 432 189 682 883 421 703 103 44 454 55 215 538 977 902 425 320 477 825 919 512 629 778 247 841 627 594 747 533 679 732 503 16 210 176 828 845 122 769 751 69 789 260 508 726 478 274 46 562 544 718 570 962 613 347 898 891 726 787 733 811 721 477 942 739 187 10 902 437 258 351 937 580 957 355 443 980 52 494 612 633 180 805 293 647 937 111 213 173 756 77 354 164 954 584 157 907 452 248 459 225 290 395 100 235 410 712 471 103 236 698 904 593 327 463 121 928 438 109 363 816 955 285 7 823 133 868 470 418 132 818 373 146 795 610 11 764 573 380 709 353 598 899 894 979 833 954 66 198 863 779 98 875 269 887 29 145 74 737 902 547 84 457 154 169 773 923 364 35 113 809 492 561 9 188 696 79 48 820 740 311 440 98 528 223 101 617 969 281 466 41 643 126 43 546 524 312 318 835 916 401 263 277 707 141 1 778 918 646 445 887 615 397 233 590 665 430 62 109 585 731 149 797 50 866 935 723 865 646 493 193 931 639 836 702 577 686 871 926 684 709 356 259 813 137 678 222 661 57 327 366 762 181 122 964 670 296 372 695 663 929 581 216 601 423 266 275 897 829 390 130 501 322 115 289 342 453 929 324 915 159 770 804 637 507 106 572 581 624 340 582 949 912 878 934 394 830 491 788 357 862 382 184 522 161 61 290 192 725 746 129 341 281 203 203 456 427 798 479 658 834 361 956 23 853 255 502 95 497 234 396 264 480 621 15 211 923 650 896 388 908 371 952 76 89 51 323 336 386 600 880 298 687 284 239 352 205 586 186 317 228 765 706 589 554 202 710 39 858 376 638 228 586 492 87 567 137 846 978 306 583 411 7 292 282 389 890 405 439 959 776 797 757 808 667 483 785 701 911 461 930 90 611 71 50 672 82 966 675 253 72 122 844 676 730 470 693 616 283 422 271 102 750 45 683 782 760 563 256 405 924 520 826 776 754 671 855 119 736 399 831 882 494 884 702 256 406 914 85 970 694 34 170 305 220 305 78 878 927 88 608 566 749 422 516 521 738 334 313 514 881 876 43 727 91 529 351 569 125 32 486 686 814 167 158 542 920 345 722 879 337 974 817 548 443 941 420 835 578 614 390 922 877 105 238 555 485 772 708 905 523 943 970 607 8 82 680 46 262 731 330 531 153 183 654 250 717 273 641 735 116 405 276 618 446 289 107 543 942 237 699 515 335 342 410 649 265 500 560 631 124 716 393 771 534 382 174 838 482 733 127 232 673 4 828 294 854 960 504 231 138 36 824 122 764 371 591 526 65 815 629 758 465 797 258 888 827 272 518 52 662 852 44 278 382 55 763 635 200 210 839 657 875 93 162 519 968 514 502 204 68 400 753 328 268 720 557 967 925 455 457 280 331 229 415 976 840 210 304 120 123 320 156 27 365 793 403 590 936 540 777 910 724 219 214 21 449 769 448 362 37 164 412 96 972 975 819 255 505 60 849 42 435 909 799 92 510 199 75 531 916 83 599 945 700 674 532 101 207 796 850 593 251 2 147 86 524 692 139 505 80 864 552 558 385 892 135 26 545 950 895 570 947 238 28 551 246 669 660 367 402 918 218 475 784 474 179 473 245
10
6 8 4 6 2 3 5 3 3 1
20
19 8 20 18 4 13 10 13 18 14 9 15 6 7 12 7 1 16 13 6
200
36 113 68 134 36 169 21 100 160 113 75 36 1 88 61 34 137 128 150 171 17 89 139 73 109 39 35 112 21 134 138 6 9 105 102 125 117 48 12 66 57 122 97 137 169 198 32 47 28 142 61 78 191 163 193 42 138 31 68 32 162 140 112 71 170 200 152 156 6 137 117 154 190 42 11 148 120 111 6 197 38 126 137 178 121 116 134 44 123 112 61 130 32 2 137 125 189 19 84 8 80 131 112 177 41 115 78 61 11 102 121 133 65 117 194 57 42 25 166 182 112 171 164 4 171 116 70 99 9 170 123 28 181 123 127 191 181 49 126 149 20 20 35 170 56 72 104 152 176 114 174 46 82 44 6 48 156 141 136 80 102 163 146 185 189 74 40 74 9 158 43 186 37 86 101 110 4 37 39 200 182 95 116 14 163 165 184 40 51 196 194 110 38 55 163 89 18 155 30 29
231
6 173 185 67 50 65 149 225 1 175 193 3 207 67 52 142 208 216 96 136 109 181 156 139 89 195 21 201 96 39 124 162 96 121 186 45 61 15 92 101 22 85 213 165 60 22 11 206 137 77 105 84 218 170 45 75 38 222 57 36 79 186 142 200 50 201 27 158 30 188 1 217 67 164 96 69 26 131 34 48 28 106 32 88 101 216 203 84 101 99 18 227 72 69 200 75 187 185 68 204 89 87 179 36 155 58 53 22 203 219 85 106 53 70 206 13 63 117 103 229 100 64 210 84 5 60 45 120 219 184 217 24 94 150 199 70 25 117 209 32 92 158 134 81 165 58 27 199 70 2 197 193 64 178 49 87 129 199 172 94 217 52 81 193 111 119 187 37 35 141 36 131 88 21 85 36 66 224 25 130 22 87 152 230 40 46 169 75 79 166 83 93 218 60 28 199 96 162 142 7 137 66 156 184 176 46 57 206 139 54 97 16 184 143 96 229 15 53 36 172 195 207 163 92 173 97 29 128 20 3 86
20
17 14 14 9 16 4 1 20 19 4 18 4 6 9 1 18 14 17 5 18
50
22 32 4 39 2 21 43 28 21 44 27 47 37 41 36 46 15 41 41 38 6 29 35 41 40 4 11 49 43 11 21 2 20 39 23 15 13 12 4 25 19 25 29 49 50 32 12 31 44 45
500
78 63 196 464 251 227 392 72 320 275 137 317 197 298 181 328 153 39 369 492 293 274 477 405 423 27 352 493 139 80 72 163 175 480 442 428 189 301 413 403 94 471 317 349 78 394 142 338 269 259 328 471 129 415 140 482 469 178 54 430 389 123 151 51 250 184 417 323 457 476 59 411 95 492 299 82 410 45 453 497 211 12 212 459 217 274 336 191 254 68 278 429 167 213 303 82 493 67 500 431 254 378 18 484 425 65 357 83 424 345 418 350 293 272 397 493 394 127 314 430 376 305 58 61 187 97 25 146 67 109 49 374 375 98 247 29 436 211 92 246 287 423 354 367 166 114 276 7 401 197 447 321 124 228 258 257 191 205 30 125 210 163 418 203 303 156 172 491 356 312 238 359 393 204 221 204 92 490 448 458 322 134 91 499 303 193 404 60 353 41 425 99 436 324 187 440 32 188 100 208 358 265 60 324 217 175 127 495 139 309 300 33 351 333 468 481 101 408 294 43 442 287 132 474 122 387 412 209 192 66 163 3 157 121 334 117 388 414 117 469 151 25 23 104 350 380 472 307 113 10 451 222 17 366 463 257 161 273 416 388 424 351 283 424 223 233 91 388 85 102 169 87 93 147 411 475 365 467 144 499 190 13 263 482 348 316 42 45 182 259 345 8 449 244 478 487 380 271 262 139 78 97 225 401 117 392 326 462 136 62 492 470 75 173 172 86 143 230 292 88 355 69 113 116 407 341 83 50 162 26 431 248 130 484 360 5 9 462 179 392 2 438 127 204 343 381 488 349 11 85 232 140 390 238 106 202 309 444 144 434 95 24 368 294 215 437 119 150 350 168 468 165 337 330 320 482 125 33 63 214 70 38 296 117 111 246 428 35 410 323 173 419 31 208 468 228 96 259 379 330 332 209 486 17 133 284 171 380 359 443 145 307 149 203 216 115 15 155 444 236 351 94 135 259 441 174 219 36 160 205 425 76 39 375 277 252 146 360 136 201 291 310 277 20 4 444 99 486 426 379 298 18 311 480 394 215 230 364 449 401 406 41 479 71 172 379 71 363 449 228 346 73 142 127 438 255 354 279 86 380 182 267 134 448 234 37 477 380 54 308 30 103 494 496 44 284 270 39 458 168
59
2 26 2 54 10 1 20 3 50 11 42 36 20 53 8 5 48 29 11 18 56 23 15 46 4 6 44 57 7 16 47 52 45 25 37 9 38 1 32 51 34 56 33 28 22 35 19 41 50 30 24 13 47 59 40 9 39 21 18
100
71 26 56 5 99 41 19 22 92 70 91 85 100 66 1 10 84 55 73 16 86 81 38 45 77 88 57 68 7 42 14 65 96 49 15 28 18 76 40 63 6 6 39 8 64 48 3 17 52 47 53 69 50 83 79 60 97 44 54 78 89 25 9 33 30 46 80 75 36 23 98 27 95 41 94 67 20 72 51 29 12 13 87 59 32 58 62 90 74 82 2 31 35 61 34 37 21 24 43 93
10
7 1 5 5 9 8 9 10 6 3
200
141 119 104 13 176 1 28 187 200 75 103 196 102 92 16 21 27 140 89 3 84 158 95 27 56 94 68 39 140 52 61 52 185 78 91 60 41 41 192 199 67 51 180 191 170 185 87 117 57 105 18 47 86 63 163 33 124 101 181 188 195 149 179 142 141 99 114 128 86 43 196 107 14 164 100 96 147 12 26 136 115 50 176 59 150 167 133 31 15 197 177 30 154 76 160 108 90 131 157 118 91 183 188 153 23 76 121 19 187 71 138 109 77 98 22 129 169 193 73 70 79 86 62 152 161 33 47 72 184 110 75 19 55 115 16 134 190 174 186 117 25 70 66 16 85 33 37 49 44 148 50 69 165 82 196 184 64 137 49 173 88 175 200 178 97 54 2 17 170 199 12 154 42 109 143 73 182 22 111 4 175 77 54 188 7 173 81 93 39 168 194 80 71 125 145 116 74 193 20 6
1000
325 92 230 338 349 89 871 128 747 435 135 380 490 310 628 85 704 594 24 718 538 653 945 678 157 571 194 41 50 865 420 276 817 314 331 545 608 1000 565 657 146 672 988 612 771 723 516 638 884 828 593 383 699 569 574 268 318 135 138 289 118 384 669 371 853 161 164 702 765 551 735 790 931 265 749 417 308 147 42 165 242 732 332 695 192 411 544 328 204 296 211 2 974 337 929 557 625 529 775 472 781 536 61 476 689 852 637 207 255 564 890 647 814 210 996 649 484 408 872 376 860 317 918 659 574 368 950 8 297 43 936 741 520 704 219 700 971 59 509 840 995 218 271 911 533 440 78 675 241 704 646 531 861 846 762 885 25 874 738 780 573 508 889 482 80 607 522 264 842 712 983 803 407 307 997 188 284 291 558 372 230 817 687 216 516 334 491 176 651 845 935 754 58 27 566 881 991 261 356 225 829 969 589 189 352 319 108 359 224 114 103 267 591 770 793 184 804 142 615 870 820 332 678 209 949 377 876 67 942 301 199 617 714 873 877 453 528 276 820 867 812 81 778 753 980 639 85 445 984 537 85 450 930 515 109 805 924 221 506 578 942 428 514 168 350 644 212 162 346 303 143 976 406 201 538 422 748 719 815 205 567 261 539 177 307 772 24 265 104 921 178 913 949 91 806 90 913 691 282 652 397 458 774 293 390 514 482 276 355 325 660 451 999 34 479 197 122 57 206 378 329 796 413 998 826 901 526 480 321 603 35 798 816 186 332 831 94 4 718 761 625 347 630 527 558 269 342 663 286 482 800 74 83 139 309 407 279 174 208 819 965 100 270 971 350 834 752 126 857 838 902 180 292 456 891 961 226 106 618 274 978 708 52 17 850 934 588 97 663 305 676 597 414 777 701 758 276 527 477 398 61 547 67 362 327 273 251 416 878 562 86 852 323 393 636 89 163 852 459 31 66 357 703 964 288 496 874 262 441 925 858 958 490 868 199 76 810 356 473 134 54 492 162 462 10 378 670 837 956 894 335 174 821 994 953 374 14 302 419 449 88 444 270 725 642 668 452 549 892 745 85 77 467 650 583 731 399 312 91 362 363 189 586 47 952 401 421 361 605 5 187 442 487 833 494 426 874 596 441 542 624 940 684 740 509 259 646 365 819 248 970 645 632 894 254 48 786 219 563 133 784 167 530 577 899 229 779 237 98 851 360 673 145 592 451 102 950 28 283 380 421 500 197 87 36 482 402 241 468 219 70 674 6 285 729 979 96 499 973 219 627 410 519 110 39 195 281 315 286 881 26 944 164 312 349 579 435 260 576 523 633 832 580 705 937 483 754 387 203 83 213 620 51 18 358 498 392 854 540 960 791 728 330 896 103 685 166 37 756 489 802 44 646 744 975 755 232 954 981 225 189 798 734 476 737 356 561 15 665 343 986 513 581 350 794 415 251 900 246 992 977 465 403 266 512 507 112 724 116 523 538 300 61 889 460 304 292 656 124 311 968 859 457 895 629 731 826 466 63 447 955 776 532 552 148 391 421 12 768 722 439 650 887 503 606 463 183 127 105 248 298 624 417 736 841 643 879 933 53 136 395 68 423 510 584 349 959 382 67 403 963 13 83 729 763 717 716 514 621 360 888 568 46 648 464 530 643 602 863 21 299 82 835 623 71 694 400 159 818 504 132 379 304 29 470 880 979 277 75 843 621 367 244 60 613 609 592 396 824 499 340 155 580 726 69 64 199 921 479 214 45 834 467 893 99 47 394 243 681 160 101 965 856 521 614 517 792 550 5 72 161 787 417 635 452 322 535 690 326 351 904 611 172 988 256 295 558 923 882 437 813 505 198 113 862 333 569 739 852 320 185 920 875 759 554 653 886 417 926 951 336 582 488 682 733 900 448 378 550 140 357 169 750 279 190 154 282 601 493 385 836 379 65 598 457 783 369 431 573 121 153 181 179 898 196 380 240 434 280 220 7 119 234 731 823 227 235 409 697 543 638 809 855 49 156 827 683 721 457 111 33 469 865 592 664 604 714 864 714 610 248 398 906 801 293 548 993 679 851 894 20 637 910 275 967 570 614 123 909 822 285 785 808 257 430 852 486 310 95 253 73 499 698 541 191 131 585 957 990 502 577 737 956 572 23 293 467 344 650 821 830 485 455 865 671 84 938 24 707 600 117 965 711 424 819 30 915 661 202 511 678 407 559 838 373 272 641 852 999 245 619 680 171 690 304 350 880 880 954 939 891 640 907 301 141 425 6 324 28 38
20
11 12 19 10 13 3 18 5 10 7 8 17 8 8 18 6 11 9 5 17
100
21 35 40 79 64 13 9 12 87 96 41 32 69 48 47 5 86 1 85 3 44 74 19 70 62 58 4 77 100 73 54 39 34 11 26 95 82 60 97 7 84 75 89 31 56 49 37 16 38 93 28 6 23 68 91 46 27 52 67 66 53 8 51 65 94 99 43 36 15 57 90 80 33 63 25 61 20 10 42 78 71 88 2 92 29 24 81 30 76 98 72 17 55 22 45 10 50 83 59 14
10
10 10 4 2 1 1 5 4 6 5
